miRNAName	138011N	138011T	138228N	138228T	138239N	138239T
hsa-miR-1272	0	0	0	5	1	39
hsa-miR-4684-5p	0	0	0	2	0	0
hsa-miR-4647	2	6	19	0	4	7
hsa-miR-5583-3p	0	1	1	0	0	0
hsa-miR-874-3p	763	660	431	509	434	902
hsa-miR-4754	2	0	2	0	2	14
hsa-miR-6862-5p	0	5	5	5	0	5
hsa-miR-6847-5p	4	17	3	7	2	8
hsa-miR-3140-5p	2	7	5	1	2	0
hsa-miR-4636	4	13	10	8	6	6
hsa-miR-3194-3p	16	0	7	8	6	10
hsa-miR-4774-5p	1	0	1	0	2	5
hsa-miR-6831-5p	0	1	1	1	2	1
hsa-miR-3689e	2	0	1	0	0	0
hsa-miR-758-3p	275	56	186	521	229	68
hsa-miR-654-5p	94	34	48	497	74	90
hsa-miR-578	2	1	3	5	6	2
hsa-miR-548e-3p	235	470	281	388	274	561
hsa-miR-4698	1	4	2	5	0	0
hsa-miR-7108-5p	37	9	13	13	12	14
hsa-miR-500a-5p	43	55	12	92	41	36
hsa-miR-4633-5p	1	4	2	3	1	0
hsa-miR-1286	1	6	13	10	6	30
hsa-miR-4794	0	1	0	0	0	4
hsa-miR-4775	12	14	8	1	17	1
hsa-miR-9500	0	4	4	3	1	3
hsa-miR-1234-3p	6	6	0	2	8	8
hsa-miR-450a-2-3p	58	17	28	30	58	14
hsa-miR-3677-3p	0	8	3	13	4	10
hsa-miR-941	885	2255	825	3011	676	2893
hsa-miR-107	3671	8126	3330	2140	3561	2088
hsa-miR-4693-3p	5	6	4	4	1	4
hsa-miR-4288	0	2	1	4	2	11
hsa-miR-4287	18	14	15	11	10	22
hsa-miR-3186-3p	3	3	2	2	0	5
hsa-miR-6068	2	2	2	6	1	1
hsa-miR-6767-5p	3	3	1	0	0	2
hsa-miR-3064-3p	6	0	4	12	0	0
hsa-miR-6505-3p	2	0	1	6	3	9
hsa-miR-1260b	1946	1999	1820	4020	2178	3346
hsa-miR-652-3p	1033	1149	457	3430	651	1601
hsa-let-7f-1-3p	116	41	100	241	112	28
hsa-miR-3616-5p	0	2	6	2	2	2
hsa-miR-3156-3p	2	0	0	4	0	4
hsa-miR-548as-5p	1	0	2	4	0	3
hsa-miR-1227-3p	0	1	2	0	0	0
hsa-miR-6720-5p	5	0	21	4	8	5
hsa-miR-3145-5p	3	20	6	7	9	8
hsa-miR-3622b-3p	2	1	3	0	0	9
hsa-miR-4777-3p	2	2	1	3	6	4
hsa-miR-3163	1	1	0	6	6	5
hsa-miR-513a-5p	2	1	11	6	0	1
hsa-miR-1276	4	6	0	28	1	5
hsa-miR-1270	6	15	2	41	6	27
hsa-miR-633	0	0	4	1	3	2
hsa-miR-98-5p	2114	1898	1597	11808	1719	2621
hsa-miR-5194	1	0	1	4	0	6
hsa-miR-4460	0	6	2	0	0	0
hsa-miR-6814-3p	0	0	1	1	3	4
hsa-miR-331-5p	152	182	109	267	114	119
hsa-miR-6769a-5p	0	1	0	2	0	1
hsa-miR-3940-3p	24	20	24	41	12	20
hsa-miR-4793-5p	5	5	6	5	2	11
hsa-miR-3591-3p	1474976	1469750	2788104	69380	1984005	324923
hsa-miR-6766-3p	4	0	2	3	0	0
hsa-miR-302d-3p	2	2	2	0	0	1
hsa-miR-592	130	329	151	966	75	94
hsa-miR-6809-3p	1	0	0	4	2	0
hsa-miR-590-3p	360	362	190	300	336	77
hsa-miR-7-1-3p	122	53	44	88	75	37
hsa-miR-3661	2	7	2	13	1	13
hsa-miR-671-3p	195	342	205	620	137	281
hsa-miR-539-3p	200	57	109	369	170	29
hsa-miR-548l	4	14	5	7	0	0
hsa-miR-590-5p	14	19	10	22	18	38
hsa-miR-519b-5p	0	17	0	0	0	0
hsa-miR-6819-5p	2	2	0	4	2	9
hsa-miR-4276	0	1	2	2	0	5
hsa-miR-6732-3p	0	4	0	7	0	1
hsa-miR-548g-5p	19	40	59	10	30	14
hsa-miR-3189-5p	1	0	1	0	6	3
hsa-miR-4651	0	4	4	0	1	6
hsa-miR-504-3p	3	2	3	4	0	3
hsa-miR-3190-5p	3	2	12	8	3	7
hsa-miR-2277-3p	9	31	20	37	11	32
hsa-miR-6502-5p	7	5	7	13	5	1
hsa-miR-32-5p	1672	2467	1424	3404	1480	1240
hsa-miR-656-3p	311	64	114	240	249	20
hsa-miR-16-5p	8688	9776	4738	12854	6256	5491
hsa-miR-1285-3p	101	173	128	394	113	476
hsa-miR-4762-5p	1	0	0	1	2	1
hsa-miR-1468-5p	139	236	161	119	195	18
hsa-miR-4660	2	0	8	4	4	3
hsa-miR-1247-3p	13	1	10	50	4	8
hsa-miR-518c-5p	2	14	2	5	1	0
hsa-miR-122-5p	1475977	1470541	2784866	69298	1984117	326086
hsa-miR-8055	0	0	1	4	0	1
hsa-miR-4722-5p	2	0	5	6	2	2
hsa-miR-376c-5p	18	1	8	20	24	0
hsa-miR-6801-3p	0	0	0	0	1	1
hsa-miR-17-3p	499	561	478	647	380	630
hsa-miR-668-5p	2	0	2	0	0	0
hsa-miR-6753-5p	0	5	6	8	1	1
hsa-miR-3689d	0	0	0	0	0	0
hsa-miR-4446-3p	0	2	0	5	2	4
hsa-miR-5011-5p	2	2	0	1	2	1
hsa-miR-3649	1	1	5	3	1	1
hsa-miR-4521	1203	649	133	306	303	136
hsa-miR-614	1	6	0	3	2	6
hsa-miR-4484	59	10	47	9	22	13
hsa-miR-5007-3p	2	0	8	3	5	0
hsa-miR-4804-5p	1	2	0	3	2	12
hsa-miR-6806-5p	5	1	2	10	0	2
hsa-miR-6777-3p	2	5	0	6	2	0
hsa-miR-4526	2	2	13	14	3	2
hsa-miR-570-3p	6	30	11	28	10	41
hsa-miR-3127-5p	6	7	0	13	4	14
hsa-miR-145-3p	12974	2603	1949	3203	5184	2963
hsa-miR-518f-3p	0	6	1	0	1	0
hsa-miR-19a-5p	4	0	2	6	7	2
hsa-miR-4778-5p	0	2	6	5	1	8
hsa-miR-208b-3p	2	0	3	0	0	4
hsa-miR-6715b-3p	11	17	13	3	5	15
hsa-miR-4321	4	2	7	4	6	0
hsa-miR-499b-5p	0	1	0	11	4	5
hsa-miR-642b-3p	9	1	13	15	16	39
hsa-miR-4664-5p	0	8	2	8	0	0
hsa-miR-6507-5p	2	2	4	3	1	5
hsa-miR-1224-3p	3	3	1	6	0	3
hsa-miR-6749-3p	9	5	1	6	3	5
hsa-miR-1273c	27	41	26	69	29	29
hsa-miR-6846-3p	2	0	0	0	0	2
hsa-miR-3678-5p	13	21	12	3	14	0
hsa-miR-1252-5p	11	16	6	5	9	3
hsa-miR-6799-5p	0	6	4	0	3	2
hsa-miR-6868-5p	1	1	2	8	0	2
hsa-miR-3115	0	6	3	15	0	0
hsa-miR-514b-3p	0	0	1	1	0	0
hsa-miR-6888-3p	0	0	0	0	0	6
hsa-miR-6889-3p	1	2	0	3	2	3
hsa-miR-6510-3p	0	2	0	10	1	0
hsa-miR-106a-5p	733	857	442	22386	585	531
hsa-miR-30d-5p	170118	258185	145872	339499	149272	142483
hsa-miR-924	0	6	3	2	2	5
hsa-miR-4645-5p	0	2	0	0	2	0
hsa-miR-4760-5p	4	5	0	2	7	0
hsa-miR-3196	27	8	16	11	13	30
hsa-miR-937-3p	3	10	4	38	8	12
hsa-miR-597-3p	24	26	9	41	11	12
hsa-miR-548c-5p	7	8	2	13	3	4
hsa-miR-3148	0	4	5	12	0	9
hsa-miR-211-3p	1	0	3	1	1	3
hsa-miR-3201	0	0	0	5	0	1
hsa-miR-5007-5p	0	2	1	2	0	2
hsa-miR-7154-3p	0	1	1	2	1	0
hsa-miR-6854-3p	0	0	0	0	1	2
hsa-miR-3065-5p	115	146	82	62	123	69
hsa-miR-4437	0	3	0	4	2	3
hsa-miR-7107-5p	1	0	7	4	3	7
hsa-miR-3657	0	3	6	0	1	0
hsa-miR-6503-3p	131	23	110	179	150	167
hsa-miR-6827-3p	0	7	3	10	1	1
hsa-miR-4494	4	7	8	2	5	4
hsa-miR-6857-3p	6	14	3	7	7	2
hsa-miR-454-5p	16	23	9	79	18	17
hsa-miR-4272	0	0	0	2	0	0
hsa-miR-2682-5p	1	3	0	438	2	2
hsa-miR-4703-5p	0	2	2	1	3	1
hsa-miR-1306-5p	43	69	24	70	21	37
hsa-miR-6726-3p	4	0	0	2	4	2
hsa-miR-5739	2	5	3	0	0	2
hsa-miR-4740-5p	1	2	4	3	3	2
hsa-miR-527	1	1	0	1	0	1
hsa-miR-24-2-5p	724	301	321	2397	497	1029
hsa-miR-26a-2-3p	153	87	97	104	140	25
hsa-miR-3155b	0	7	1	8	3	10
hsa-miR-598-3p	103	42	48	440	94	144
hsa-miR-205-3p	0	4	1	1	3	2
hsa-miR-4427	1	5	6	4	2	2
hsa-miR-1273f	68	115	170	273	114	191
hsa-miR-3668	5	4	6	1	1	2
hsa-miR-4734	5	5	3	4	1	14
hsa-miR-6739-5p	4	10	7	12	0	4
hsa-miR-3613-5p	2883	6082	1980	1698	2804	380
hsa-miR-495-3p	406	109	175	577	203	68
hsa-miR-516a-5p	12	487	2	7	12	8
hsa-miR-208a-3p	0	0	0	0	0	0
hsa-miR-5708	13	8	10	9	9	13
hsa-miR-363-3p	1837	703	1186	201158	1536	1302
hsa-miR-618	243	548	561	1469	572	695
hsa-miR-3907	1	11	14	40	37	29
hsa-miR-6835-5p	5	6	3	9	8	3
hsa-miR-212-3p	76	17	31	102	52	152
hsa-miR-4772-3p	11	1	1	4	12	4
hsa-miR-8066	1	0	1	2	3	0
hsa-miR-3940-5p	0	0	3	2	2	2
hsa-miR-183-5p	500	13367	84	10350	198	2964
hsa-miR-346	16	63	11	8	10	27
hsa-miR-152-3p	49221	58622	37554	45272	33571	48679
hsa-miR-4279	9	8	3	9	5	6
hsa-miR-3200-5p	0	1	1	2	2	2
hsa-miR-3144-5p	2	4	1	5	1	0
hsa-miR-4746-5p	8	6	10	82	1	35
hsa-miR-3615	980	1184	704	1724	640	816
hsa-miR-516b-3p	0	0	0	6	2	4
hsa-miR-5088-5p	0	4	1	0	5	5
hsa-miR-6877-5p	17	10	13	32	8	31
hsa-miR-4325	2	8	2	2	2	0
hsa-miR-2116-5p	0	1	0	2	2	6
hsa-miR-339-5p	2916	6641	1813	5484	1960	3203
hsa-miR-548al	12	14	17	29	7	18
hsa-miR-604	0	1	4	3	3	0
hsa-miR-6808-3p	7	5	0	4	8	6
hsa-miR-5008-5p	0	0	4	3	1	3
hsa-miR-4757-5p	1	0	2	5	4	1
hsa-miR-500b-5p	44	56	13	87	22	37
hsa-miR-302a-3p	2	0	48	86	0	0
hsa-miR-6857-5p	1	1	0	1	2	1
hsa-miR-575	0	5	2	5	4	5
hsa-miR-8072	2	3	9	12	0	11
hsa-miR-412-3p	2	6	0	0	3	0
hsa-miR-6751-5p	2	3	5	3	3	3
hsa-miR-646	4	6	7	5	5	7
hsa-miR-1264	8	2	2	2	6	4
hsa-miR-6815-5p	6	19	16	6	8	2
hsa-miR-6511a-5p	5	0	2	3	4	3
hsa-miR-3650	0	0	2	1	0	0
hsa-miR-6817-3p	0	0	2	3	0	4
hsa-miR-548au-5p	6	9	2	1	1	4
hsa-miR-449b-5p	1	4	1	2	2	6
hsa-miR-4720-5p	1	3	0	0	3	5
hsa-miR-100-5p	99969	49235	39004	17665	55152	20102
hsa-miR-544b	2	2	6	8	11	15
hsa-miR-197-3p	1489	1584	964	2447	1040	1948
hsa-miR-548ah-3p	65	107	74	89	89	21
hsa-miR-2467-3p	0	6	1	2	2	6
hsa-miR-200b-5p	271	34	30	249	126	8
hsa-miR-6787-5p	2	3	0	11	2	5
hsa-miR-320d	82	63	47	205	35	120
hsa-miR-6883-3p	2	4	2	6	0	0
hsa-miR-497-3p	50	16	16	41	22	8
hsa-miR-518b	0	54	2	0	0	3
hsa-miR-5000-5p	1	6	3	8	4	5
hsa-miR-6815-3p	0	4	6	2	3	1
hsa-miR-3199	14	15	14	20	13	21
hsa-miR-659-5p	35	59	20	44	30	132
hsa-miR-4789-3p	7	0	2	2	0	1
hsa-miR-550a-3-5p	36	20	27	53	28	53
hsa-miR-4704-3p	7	1	4	3	1	6
hsa-miR-1538	4	15	11	13	9	19
hsa-miR-411-3p	62	14	49	118	62	26
hsa-let-7f-2-3p	1383	984	891	2019	1154	248
hsa-miR-3973	2	3	3	12	4	2
hsa-miR-378g	182	119	286	72	307	334
hsa-miR-6770-3p	8	1	1	8	2	8
hsa-miR-4797-5p	16	20	12	9	7	6
hsa-miR-6780b-5p	2	0	0	1	2	0
hsa-miR-2116-3p	15	27	23	55	13	60
hsa-miR-137	4	4	0	1491	2	6
hsa-miR-2054	2	4	9	1	5	0
hsa-miR-4722-3p	3	9	9	8	4	11
hsa-miR-4522	6	9	5	15	6	5
hsa-miR-3198	0	5	2	15	0	4
hsa-miR-4705	53	63	10	16	33	233
hsa-miR-3190-3p	4	19	2	7	3	22
hsa-miR-130a-3p	1480	133	472	1773	731	256
hsa-miR-4762-3p	6	4	0	8	2	21
hsa-miR-3690	8	6	2	34	6	10
hsa-miR-6838-3p	1	3	0	2	0	0
hsa-miR-221-3p	9046	18974	4340	91175	6847	18551
hsa-miR-584-5p	148	85	81	209	56	43
hsa-miR-4676-5p	2	1	2	2	3	4
hsa-miR-4528	75	101	90	35	57	85
hsa-let-7b-3p	844	291	414	884	472	158
hsa-miR-573	1	3	2	6	8	47
hsa-miR-4450	0	4	0	4	0	5
hsa-miR-140-3p	59978	42553	18182	55715	34627	83253
hsa-miR-331-3p	1144	2358	738	2527	576	1808
hsa-miR-7854-3p	6	6	7	22	12	4
hsa-miR-3121-3p	5	2	2	0	0	0
hsa-miR-665	17	6	43	169	30	30
hsa-miR-4252	0	0	0	0	2	7
hsa-miR-3607-3p	197	285	274	80	171	370
hsa-miR-337-5p	25	9	11	31	16	24
hsa-miR-125b-1-3p	276	136	98	184	108	233
hsa-miR-4730	13	10	14	9	8	14
hsa-miR-1237-5p	6	4	3	1	7	7
hsa-miR-494-3p	1187	329	673	1366	1101	176
hsa-miR-6789-5p	24	8	7	10	8	30
hsa-miR-4523	0	9	2	5	4	4
hsa-miR-6741-3p	2	6	1	12	4	7
hsa-miR-5586-3p	0	0	0	2	0	2
hsa-miR-382-5p	320	74	142	764	279	224
hsa-miR-4254	0	0	3	6	5	2
hsa-miR-548ah-5p	26	95	95	79	69	19
hsa-miR-4787-3p	30	3	2	7	1	10
hsa-miR-6851-3p	0	0	2	0	0	0
hsa-miR-1253	0	0	3	3	0	3
hsa-miR-548ab	15	21	9	88	21	13
hsa-miR-4659a-3p	1	6	12	7	2	2
hsa-miR-548ap-5p	4	3	7	7	4	13
hsa-miR-4261	5	3	3	8	5	7
hsa-miR-4717-5p	7	4	6	0	1	0
hsa-miR-4312	6	3	8	5	2	6
hsa-miR-4313	1	4	7	0	5	12
hsa-miR-1299	753	1848	22	117	155	176
hsa-miR-4517	6	6	0	2	0	21
hsa-miR-937-5p	0	0	3	1	0	2
hsa-miR-3187-3p	12	8	0	23	4	2
hsa-miR-374b-3p	131	135	107	193	87	30
hsa-miR-548ad-5p	51	56	25	44	39	73
hsa-miR-3124-3p	0	0	3	5	5	4
hsa-miR-4686	152	4	176	4	161	3
hsa-miR-4294	2	0	2	4	0	1
hsa-miR-6893-3p	4	2	6	2	0	7
hsa-miR-6741-5p	0	3	0	5	1	12
hsa-miR-345-5p	2695	11220	2367	9148	2355	1245
hsa-miR-645	7	1	8	6	2	0
hsa-miR-5681b	0	0	0	0	0	0
hsa-miR-4453	2	3	2	2	2	3
hsa-miR-605-5p	10	2	0	3	2	1
hsa-miR-26a-1-3p	20	17	12	6	19	10
hsa-miR-4539	8	10	10	2	11	7
hsa-miR-518a-5p	0	0	0	2	0	2
hsa-miR-6797-5p	3	3	10	10	2	15
hsa-miR-875-3p	2	4	1	0	2	3
hsa-miR-5693	5	6	11	15	6	10
hsa-miR-4534	1	0	6	0	2	4
hsa-miR-6811-5p	2	2	1	3	2	6
hsa-miR-4666a-5p	0	0	0	2	0	0
hsa-miR-6794-5p	1	1	2	3	0	1
hsa-miR-4694-5p	0	0	0	0	2	4
hsa-miR-5584-3p	1	1	0	0	0	7
hsa-miR-661	0	2	1	7	5	12
hsa-miR-3074-3p	162	91	150	160	120	48
hsa-let-7g-3p	33	15	31	47	20	25
hsa-miR-4530	0	5	1	9	1	2
hsa-miR-4777-5p	0	1	0	5	0	0
hsa-miR-3184-3p	4392	4836	4220	7991	3289	9257
hsa-miR-127-3p	15944	5439	5853	29263	11596	10187
hsa-miR-519e-3p	0	1	2	0	0	6
hsa-miR-584-3p	14	17	22	6	24	17
hsa-miR-138-2-3p	3	1	1	0	5	2
hsa-miR-6867-3p	0	1	1	1	2	2
hsa-miR-7154-5p	0	0	0	4	0	3
hsa-miR-132-5p	239	95	86	371	173	509
hsa-miR-6075	6	7	3	0	6	2
hsa-miR-7974	6	68	21	118	18	542
hsa-miR-6499-5p	2	1	2	4	3	0
hsa-miR-5580-3p	0	5	2	2	2	3
hsa-miR-210-3p	3886	7256	4231	30824	2507	39397
hsa-miR-1245a	1	0	2	1	1	1
hsa-miR-6796-3p	0	1	1	7	3	2
hsa-miR-21-3p	728	2767	1066	13662	1437	7959
hsa-miR-1227-5p	1	0	2	3	0	0
hsa-miR-637	0	1	3	2	0	5
hsa-miR-3692-5p	3	0	3	5	6	1
hsa-miR-505-5p	58	86	46	38	40	10
hsa-miR-148a-3p	1129690	1371082	1442122	505957	1223357	96934
hsa-miR-3675-3p	0	2	0	2	0	0
hsa-miR-7855-5p	2	0	4	4	3	2
hsa-miR-577	0	4	1	5	8	13
hsa-miR-3614-5p	4	3	10	10	8	5
hsa-miR-3941	2	1	1	0	2	7
hsa-miR-4694-3p	0	0	2	8	5	0
hsa-miR-28-3p	17963	21294	16286	29539	15963	32536
hsa-miR-4314	0	4	0	1	2	1
hsa-miR-5582-3p	0	0	2	3	1	4
hsa-miR-8068	0	0	0	0	0	0
hsa-miR-552-3p	12	264	28	16	6	6
hsa-miR-375	11645	3496	4186	103	7700	588
hsa-miR-324-5p	193	230	77	359	105	225
hsa-miR-330-3p	450	339	170	1033	199	671
hsa-miR-3928-3p	17	25	9	38	15	150
hsa-miR-6130	44	26	32	66	37	11
hsa-miR-569	2	3	2	4	1	0
hsa-miR-507	1	1	2	2	5	0
hsa-miR-544a	2	10	7	11	10	2
hsa-miR-3677-5p	1	7	4	2	0	1
hsa-miR-671-5p	150	252	87	869	136	698
hsa-miR-22-5p	798	563	999	1630	597	418
hsa-miR-6833-3p	6	6	1	12	5	0
hsa-miR-1281	10	4	16	14	2	5
hsa-miR-548s	11	10	6	8	11	14
hsa-miR-548aq-5p	2	0	0	0	0	0
hsa-miR-8070	2	2	0	0	0	1
hsa-miR-6881-3p	0	8	4	5	4	5
hsa-miR-557	0	3	4	1	0	0
hsa-miR-5580-5p	3	5	0	6	0	2
hsa-miR-548c-3p	2	2	1	4	2	2
hsa-miR-193a-3p	117	107	49	170	46	206
hsa-miR-548f-3p	25	63	34	48	36	160
hsa-miR-876-5p	2	9	18	26	10	22
hsa-miR-6831-3p	0	5	3	0	1	1
hsa-miR-3678-3p	5	2	3	4	0	4
hsa-miR-8057	5	1	2	2	4	3
hsa-miR-494-5p	2	4	1	6	0	3
hsa-miR-6716-3p	14	5	5	24	9	17
hsa-miR-8060	1	2	0	1	0	1
hsa-miR-4644	4	7	11	14	4	6
hsa-miR-4786-5p	0	3	1	6	0	10
hsa-miR-621	1	4	0	0	0	0
hsa-miR-1233-3p	2	3	0	1	4	6
hsa-miR-4703-3p	1	2	4	3	1	2
hsa-miR-6729-3p	0	0	0	2	0	2
hsa-miR-513c-5p	4	6	0	1	5	1
hsa-miR-3934-5p	18	2	6	56	12	53
hsa-miR-6846-5p	3	0	4	0	1	0
hsa-miR-5192	0	4	1	7	3	5
hsa-miR-15a-5p	1117	1907	896	1601	1137	805
hsa-miR-616-3p	4	6	6	11	10	30
hsa-miR-6508-3p	0	1	2	1	0	0
hsa-miR-6811-3p	0	0	0	5	1	2
hsa-miR-4784	2	4	2	6	5	15
hsa-miR-449c-5p	3	13	0	10	8	26
hsa-miR-4315	1	0	0	2	0	0
hsa-miR-3660	3	16	4	4	2	6
hsa-miR-5590-3p	10	26	12	4	11	3
hsa-miR-874-5p	12	10	7	10	19	10
hsa-let-7g-5p	406840	221425	363538	295594	375587	146435
hsa-miR-1199-5p	5	5	5	15	11	19
hsa-miR-525-5p	0	32	0	1	0	4
hsa-miR-6774-3p	2	5	6	10	0	2
hsa-miR-6840-5p	0	5	2	4	1	2
hsa-miR-378a-3p	34199	27489	66427	15814	74971	57016
hsa-miR-518e-5p	2	9	4	0	0	0
hsa-miR-6838-5p	6	4	3	4	9	5
hsa-miR-135a-3p	7	2	0	4	0	0
hsa-miR-6731-3p	2	0	3	1	0	2
hsa-miR-6734-5p	7	5	2	10	0	12
hsa-miR-449a	49	71	42	36	57	63
hsa-miR-1238-5p	2	0	1	1	0	0
hsa-miR-6721-5p	2	2	3	8	8	10
hsa-miR-4717-3p	5	4	2	12	1	2
hsa-miR-6851-5p	0	0	3	4	0	2
hsa-miR-519a-5p	0	20	1	1	0	0
hsa-miR-890	0	0	4	0	0	0
hsa-miR-509-3p	4	4	4	10	4	7
hsa-miR-380-3p	8	4	6	16	12	0
hsa-miR-5089-5p	0	1	1	3	1	1
hsa-miR-1323	1	329	0	7	0	4
hsa-miR-513b-3p	0	4	0	0	0	0
hsa-miR-3944-5p	9	11	11	4	7	11
hsa-miR-4759	1	1	1	0	3	2
hsa-miR-6782-5p	0	4	4	4	2	5
hsa-miR-5681a	1	0	2	0	0	0
hsa-miR-7112-5p	0	0	0	1	0	0
hsa-miR-642a-5p	18	3	14	14	15	52
hsa-miR-1237-3p	0	0	2	0	1	2
hsa-miR-6765-5p	2	1	1	0	1	2
hsa-miR-4511	40	19	4	25	26	40
hsa-miR-499a-5p	320	274	320	224	311	39
hsa-miR-3157-3p	20	8	2	3	8	7
hsa-miR-4667-5p	1	6	6	4	2	7
hsa-miR-92a-1-5p	38	39	59	107	60	91
hsa-miR-3689b-5p	0	0	1	0	0	0
hsa-miR-212-5p	40	19	21	71	24	83
hsa-miR-4756-3p	2	0	0	0	0	0
hsa-miR-219a-5p	54	54	57	38	26	35
hsa-miR-30b-5p	34153	29117	30072	29044	30255	16978
hsa-miR-379-3p	74	24	36	57	45	8
hsa-miR-4671-5p	0	3	0	4	0	0
hsa-miR-3192-3p	5	4	1	10	5	15
hsa-miR-607	0	9	2	19	4	6
hsa-miR-144-3p	2887	1078	2356	2773	1358	7186
hsa-miR-4659b-5p	0	6	3	4	4	0
hsa-miR-424-3p	1249	330	565	576	941	198
hsa-miR-149-5p	450	390	209	1942	269	486
hsa-miR-654-3p	583	169	308	653	618	88
hsa-miR-4711-5p	2	1	0	4	0	1
hsa-miR-6837-5p	3	4	3	6	1	0
hsa-miR-5697	12	21	15	12	20	15
hsa-miR-6718-5p	5	4	5	5	4	3
hsa-miR-4505	3	0	3	0	1	4
hsa-miR-378e	246	231	461	116	493	928
hsa-miR-223-3p	2430	286	892	3262	1656	387
hsa-miR-4798-5p	2	0	5	1	14	1
hsa-miR-371b-3p	1	0	0	0	0	1
hsa-miR-4420	0	4	0	1	0	4
hsa-miR-4446-5p	0	1	0	0	2	1
hsa-miR-506-5p	0	3	0	0	0	4
hsa-miR-6768-5p	0	1	0	4	1	2
hsa-miR-1912	19	20	20	4	16	19
hsa-miR-92a-3p	67371	73000	54696	91738	66313	29793
hsa-miR-5689	8	8	14	11	6	14
hsa-miR-30e-3p	4411	4074	3738	2920	4101	822
hsa-miR-1973	6	8	2	0	6	4
hsa-miR-4733-5p	0	1	2	0	0	11
hsa-miR-8061	0	0	0	1	0	2
hsa-miR-4761-3p	3	4	12	10	2	2
hsa-miR-361-3p	14194	11950	11720	36207	10628	22601
hsa-miR-490-5p	28	6	4	2	4	13
hsa-miR-920	2	5	2	5	0	5
hsa-miR-6884-5p	2	6	5	1	0	6
hsa-miR-4529-3p	7	4	12	12	6	2
hsa-miR-1180-3p	247	281	234	1396	136	524
hsa-miR-6757-5p	0	5	1	5	0	1
hsa-miR-6810-3p	4	6	8	5	2	2
hsa-miR-1229-3p	7	14	0	10	3	8
hsa-miR-4662a-5p	42	42	47	12	59	2
hsa-miR-20a-5p	54887	65049	40130	51973	54458	18854
hsa-miR-556-5p	27	58	49	34	33	70
hsa-miR-610	2	0	0	5	1	4
hsa-miR-4478	13	2	12	14	8	38
hsa-miR-6722-3p	128	23	3	5	9	8
hsa-miR-4732-5p	8	6	2	13	8	11
hsa-miR-5579-5p	0	1	0	0	3	1
hsa-miR-6750-5p	5	15	2	1	5	9
hsa-miR-6500-5p	4	9	2	4	1	9
hsa-miR-6832-5p	1	1	2	3	1	0
hsa-miR-940	33	36	15	83	8	32
hsa-miR-548az-3p	10	9	2	1	7	7
hsa-miR-3186-5p	1	7	2	2	2	3
hsa-miR-5684	14	28	10	15	12	17
hsa-miR-4790-3p	2	0	2	0	4	2
hsa-miR-3942-5p	3	11	10	14	9	16
hsa-miR-708-3p	179	17	20	314	137	577
hsa-miR-4648	1	1	0	0	2	1
hsa-miR-574-3p	3590	4643	2478	4003	2695	1946
hsa-miR-1255b-2-3p	6	4	0	3	1	0
hsa-miR-6778-3p	1	3	1	4	0	4
hsa-miR-6734-3p	0	2	1	5	4	1
hsa-miR-299-5p	60	18	26	50	72	7
hsa-miR-6737-5p	0	0	3	1	0	9
hsa-miR-3928-5p	4	0	2	5	1	13
hsa-miR-4421	6	39	6	723	8	12
hsa-miR-4714-5p	0	2	1	2	2	10
hsa-miR-421	128	480	107	1235	108	186
hsa-miR-885-3p	246	775	588	30	210	629
hsa-miR-3130-3p	8	10	2	10	8	13
hsa-miR-518f-5p	0	8	1	0	3	0
hsa-miR-3937	1	0	0	0	1	3
hsa-miR-548bb-3p	1	1	1	1	0	0
hsa-miR-603	2	0	0	2	4	1
hsa-miR-6757-3p	2	0	3	0	1	0
hsa-miR-376a-2-5p	14	7	8	4	8	0
hsa-miR-6861-3p	10	6	4	13	3	3
hsa-miR-4281	4	3	2	4	2	10
hsa-miR-6824-5p	1	2	0	6	0	0
hsa-miR-4742-3p	6	12	7	6	7	7
hsa-miR-3170	3	11	8	12	6	12
hsa-miR-4743-3p	0	2	4	3	1	3
hsa-miR-5682	2	1	0	8	1	9
hsa-miR-3158-3p	27	15	7	66	16	111
hsa-miR-4680-3p	7	10	9	9	6	8
hsa-miR-2355-3p	56	135	39	213	28	202
hsa-miR-6735-5p	0	2	3	10	1	9
hsa-miR-4418	0	2	0	3	0	4
hsa-miR-6867-5p	0	4	2	7	4	5
hsa-miR-16-2-3p	1278	980	1115	4022	1138	622
hsa-miR-3914	2	4	5	1	2	3
hsa-miR-6850-5p	13	2	7	8	0	10
hsa-miR-6514-5p	0	10	6	14	0	8
hsa-miR-6842-5p	2	8	6	2	3	3
hsa-miR-6781-5p	2	1	2	5	1	6
hsa-miR-1247-5p	137	6	30	240	20	27
hsa-miR-1207-3p	1	0	0	0	2	4
hsa-miR-8086	0	2	4	6	0	2
hsa-miR-6869-3p	1	0	1	0	0	0
hsa-miR-589-5p	418	304	71	197	100	484
hsa-miR-6823-5p	0	6	5	0	2	2
hsa-miR-4743-5p	1	0	1	8	1	6
hsa-miR-4638-3p	1	6	2	12	6	10
hsa-miR-593-5p	0	0	8	2	3	2
hsa-miR-3670	11	6	10	5	3	8
hsa-miR-3151-3p	5	9	9	15	3	9
hsa-miR-6079	0	0	2	2	5	0
hsa-miR-4728-5p	0	4	2	8	4	5
hsa-miR-452-5p	2063	9949	644	74695	725	10252
hsa-miR-548a-5p	0	0	0	0	0	7
hsa-miR-571	2	3	5	1	0	5
hsa-miR-381-5p	19	4	12	2	8	18
hsa-miR-6724-5p	30	25	22	51	9	47
hsa-miR-6850-3p	3	4	3	3	4	3
hsa-miR-6082	3	1	3	0	1	0
hsa-miR-6895-3p	6	4	1	6	0	0
hsa-miR-4747-5p	0	0	0	0	4	0
hsa-miR-151a-3p	22163	24239	17832	45571	17491	42658
hsa-miR-6749-5p	0	1	3	6	6	2
hsa-miR-449b-3p	2	0	0	10	2	2
hsa-miR-4482-5p	1	2	0	5	0	2
hsa-miR-188-3p	9	6	6	11	7	15
hsa-miR-4329	0	5	9	2	17	24
hsa-miR-6834-3p	0	6	0	2	0	0
hsa-miR-2114-3p	0	9	7	0	0	0
hsa-miR-548d-3p	4	3	3	2	0	18
hsa-miR-3126-3p	1	0	0	2	2	0
hsa-miR-4700-3p	7	2	5	0	2	2
hsa-miR-6807-3p	0	0	3	0	1	2
hsa-miR-1236-5p	2	1	0	7	0	0
hsa-miR-301b-3p	6	11	4	34	7	10
hsa-miR-6088	3	0	2	4	2	9
hsa-miR-7109-5p	7	1	5	5	0	2
hsa-miR-1265	1	1	2	9	2	0
hsa-miR-204-5p	1452	411	452	249	740	138
hsa-miR-3658	0	1	2	2	2	3
hsa-miR-3653-3p	161	149	237	49	168	83
hsa-miR-541-3p	3	2	7	2	5	7
hsa-miR-103b	30058	49935	20525	45910	24722	20146
hsa-miR-124-3p	14	0	2	11	80	4
hsa-miR-4525	0	2	1	1	0	5
hsa-miR-5003-3p	0	1	4	1	2	7
hsa-miR-4737	4	1	1	1	1	4
hsa-miR-4509	2	1	2	0	1	2
hsa-miR-2117	4	8	5	4	3	2
hsa-miR-1260a	2681	2193	2422	4361	2835	3571
hsa-miR-5591-5p	0	4	0	0	0	3
hsa-miR-122-3p	3575	2254	3505	137	3061	348
hsa-miR-203b-3p	3	4	0	5	2	4
hsa-miR-4688	3	2	5	7	5	2
hsa-miR-4256	1	0	0	2	2	2
hsa-miR-4633-3p	0	3	3	4	1	4
hsa-miR-6830-3p	1	1	0	3	1	6
hsa-miR-6828-3p	0	0	0	0	0	2
hsa-miR-4479	2	1	1	6	2	14
hsa-miR-4663	0	2	5	4	4	5
hsa-miR-4693-5p	0	4	2	13	2	6
hsa-miR-6511b-5p	2	2	1	4	3	2
hsa-miR-663b	4	2	37	1	38	15
hsa-miR-4680-5p	71	225	120	50	101	33
hsa-miR-378j	15	14	26	13	27	46
hsa-miR-552-5p	4	184	14	9	18	0
hsa-miR-4691-5p	1	4	7	8	4	3
hsa-miR-1913	2	2	4	6	2	9
hsa-miR-3908	5	2	5	19	13	4
hsa-miR-548ay-5p	24	83	26	78	17	91
hsa-miR-2861	15	5	13	14	13	22
hsa-miR-320e	29	9	10	37	20	26
hsa-miR-3152-3p	0	1	0	0	0	0
hsa-miR-519c-5p	0	15	0	0	0	0
hsa-miR-23b-5p	192	102	191	302	155	155
hsa-miR-1271-3p	6	11	7	14	4	12
hsa-miR-1183	8	29	10	12	15	71
hsa-miR-5585-5p	17	11	18	14	11	15
hsa-miR-6880-3p	4	6	2	13	4	11
hsa-miR-7157-5p	0	4	0	0	0	0
hsa-miR-4701-5p	0	0	4	2	0	0
hsa-miR-518a-3p	0	11	0	4	0	4
hsa-miR-6731-5p	0	1	2	0	3	3
hsa-miR-7113-3p	6	4	4	2	0	1
hsa-miR-489-3p	6	4	8	55	6	10
hsa-miR-6849-3p	0	2	2	5	9	2
hsa-miR-4753-5p	16	4	15	13	7	77
hsa-miR-6844	2	1	2	2	8	0
hsa-miR-338-5p	74	67	60	52	141	54
hsa-miR-548az-5p	30	48	20	21	24	93
hsa-miR-3664-5p	12	34	11	9	11	11
hsa-miR-1258	7	0	2	4	4	2
hsa-miR-371b-5p	0	3	1	1	0	4
hsa-miR-130b-3p	88	285	76	308	90	258
hsa-miR-374a-3p	2474	2576	1587	3017	1979	453
hsa-miR-4668-3p	0	2	3	7	3	4
hsa-miR-873-5p	30	6	83	22	194	12
hsa-miR-3687	11	13	33	26	71	44
hsa-miR-3617-5p	2	1	2	13	3	2
hsa-miR-6786-3p	3	4	0	0	2	4
hsa-miR-3689c	0	0	0	0	0	0
hsa-miR-340-3p	493	871	626	304	359	190
hsa-miR-4634	648	147	43	80	56	180
hsa-miR-3138	8	5	6	9	3	2
hsa-miR-519d-5p	2	4	3	6	3	2
hsa-miR-6878-3p	0	0	0	1	0	4
hsa-miR-99b-5p	19499	6885	4138	55806	8119	11242
hsa-miR-579-5p	39	53	27	46	35	70
hsa-miR-616-5p	6	36	20	12	9	19
hsa-miR-6862-3p	3	4	7	5	2	5
hsa-miR-766-5p	18	7	9	18	6	16
hsa-miR-150-3p	133	20	26	60	54	19
hsa-miR-433-5p	7	9	0	5	2	0
hsa-miR-3927-3p	0	0	0	0	0	0
hsa-miR-6759-5p	0	11	3	10	4	1
hsa-miR-5006-5p	0	0	9	4	4	1
hsa-miR-4320	1	3	1	0	1	0
hsa-miR-3921	2	2	1	0	1	3
hsa-miR-3187-5p	1	5	6	17	4	9
hsa-miR-6871-5p	2	2	1	2	0	0
hsa-miR-4436a	0	1	2	2	0	1
hsa-miR-513a-3p	1	2	2	1	0	1
hsa-miR-4298	0	0	2	6	2	4
hsa-miR-659-3p	5	3	3	6	2	5
hsa-miR-4524a-5p	15	19	15	5	12	4
hsa-miR-96-5p	441	3859	71	2817	186	1608
hsa-miR-4697-3p	4	1	1	2	2	0
hsa-miR-542-5p	12	6	9	8	21	33
hsa-miR-8058	29	32	42	20	24	9
hsa-miR-1304-3p	50	74	38	135	50	112
hsa-miR-4682	1	8	9	5	1	1
hsa-miR-5190	7	14	25	18	13	19
hsa-miR-216a-5p	67	1386	19	79	90	41
hsa-miR-519b-3p	0	5	0	5	2	2
hsa-miR-2392	479	224	792	208	633	109
hsa-miR-550a-3p	15	20	11	49	11	43
hsa-miR-33a-3p	98	141	73	21	96	27
hsa-miR-518d-3p	0	2	13	0	0	1
hsa-miR-8075	0	0	3	2	4	0
hsa-miR-3150a-3p	0	3	2	1	3	6
hsa-miR-5699-5p	6	11	10	20	4	31
hsa-miR-509-5p	2	6	2	2	4	2
hsa-miR-4303	0	0	6	3	2	10
hsa-miR-4267	1	2	2	3	0	9
hsa-miR-6785-5p	0	2	5	5	6	6
hsa-miR-3120-5p	5774	614	792	1132	1834	1165
hsa-miR-6891-5p	1	0	3	4	0	0
hsa-miR-510-3p	2	6	0	2	0	0
hsa-miR-4687-5p	5	15	7	8	4	4
hsa-miR-566	17	48	18	81	13	49
hsa-miR-1307-3p	1068	3195	1125	2966	504	3555
hsa-miR-4280	0	9	0	3	4	2
hsa-miR-660-5p	667	973	403	857	608	373
hsa-miR-3142	5	5	6	6	6	8
hsa-miR-6076	12	4	3	2	5	3
hsa-miR-3180-5p	1	8	4	3	3	6
hsa-miR-4433a-3p	1	2	1	8	7	3
hsa-miR-329-3p	152	36	68	335	134	43
hsa-miR-6752-3p	28	8	17	19	7	28
hsa-miR-181b-3p	17	7	36	68	29	20
hsa-miR-6834-5p	4	1	0	3	1	6
hsa-miR-3130-5p	8	15	7	15	7	15
hsa-miR-542-3p	6107	1910	2958	3271	5182	2222
hsa-miR-19a-3p	2635	3731	2783	4542	3083	1912
hsa-miR-6739-3p	0	3	1	0	0	0
hsa-miR-642a-3p	3	5	1	10	2	24
hsa-miR-154-5p	119	26	33	89	94	24
hsa-miR-6754-3p	36	106	45	34	36	490
hsa-miR-501-3p	654	1255	557	1676	581	826
hsa-miR-6743-3p	0	5	2	7	1	2
hsa-miR-3155a	1	8	2	9	3	11
hsa-miR-3125	10	2	6	3	0	4
hsa-miR-761	18	27	28	13	20	14
hsa-miR-4741	5	2	2	9	2	9
hsa-miR-1228-5p	4	9	5	16	0	10
hsa-miR-5579-3p	5	2	4	0	1	0
hsa-miR-6855-5p	7	0	2	7	4	4
hsa-miR-4701-3p	0	0	1	5	0	0
hsa-miR-1199-3p	6	16	11	28	6	58
hsa-miR-517a-3p	0	59	3	1	0	0
hsa-miR-1185-5p	28	7	17	44	30	2
hsa-miR-26a-5p	886906	489106	482250	374846	664757	179668
hsa-miR-548x-3p	4	635	3	23	5	2
hsa-miR-6779-5p	0	5	2	4	2	2
hsa-miR-4766-3p	0	4	0	3	2	8
hsa-miR-200a-3p	24299	5391	4549	19248	10103	468
hsa-miR-4678	0	1	1	1	1	1
hsa-miR-5707	0	0	0	1	2	0
hsa-miR-3910	14	3	2	2	0	2
hsa-miR-423-5p	4377	4938	4234	8224	3312	9179
hsa-miR-1910-3p	0	2	7	0	3	5
hsa-miR-4465	0	0	1	2	2	2
hsa-miR-4467	0	2	6	21	2	22
hsa-miR-3620-5p	5	12	13	20	5	11
hsa-miR-3682-5p	1	3	0	0	2	0
hsa-miR-5186	1	2	0	0	0	5
hsa-miR-6510-5p	27	6	2	8	6	5
hsa-miR-99b-3p	1380	514	324	6159	550	1381
hsa-miR-6821-3p	2	4	3	1	1	8
hsa-miR-3611	50	56	58	107	46	282
hsa-miR-522-3p	10	30	4	2	2	0
hsa-miR-4469	2	0	2	1	0	0
hsa-miR-5692c	2	2	2	3	4	0
hsa-miR-3714	0	0	1	1	1	0
hsa-miR-6777-5p	2	5	0	5	2	3
hsa-miR-4662b	32	41	24	11	61	10
hsa-miR-6513-3p	13	5	20	12	7	10
hsa-miR-5011-3p	0	0	0	0	0	0
hsa-miR-452-3p	161	859	59	3686	73	313
hsa-miR-3609	148	139	120	88	136	132
hsa-miR-4740-3p	0	0	0	5	0	1
hsa-miR-6722-5p	0	8	0	0	0	1
hsa-miR-147a	2	2	2	10	1	13
hsa-miR-4270	3	3	5	2	1	3
hsa-miR-487a-3p	13	7	15	82	22	5
hsa-miR-6822-3p	1	3	0	1	2	0
hsa-miR-5197-3p	5	5	4	4	1	3
hsa-miR-23c	159	84	94	126	90	74
hsa-miR-7155-3p	3	4	3	2	3	10
hsa-miR-19b-2-5p	12	5	9	16	5	1
hsa-miR-1537-3p	0	0	5	5	2	2
hsa-miR-1295a	7	29	10	3	6	3
hsa-miR-4291	5	2	5	4	2	8
hsa-miR-320a	16608	14866	13233	19538	9950	16493
hsa-miR-6848-5p	0	0	4	2	4	2
hsa-miR-3913-3p	51	33	22	111	20	60
hsa-miR-520f-3p	0	45	4	2	35	4
hsa-miR-921	67	75	47	54	64	60
hsa-miR-576-3p	128	158	167	229	148	768
hsa-miR-3917	10	7	3	21	0	9
hsa-miR-4713-5p	6	1	0	0	1	0
hsa-miR-204-3p	8	6	7	4	8	15
hsa-miR-514a-5p	35	44	94	7	69	11
hsa-miR-6500-3p	12	89	12	1347	9	14
hsa-miR-4536-5p	2	0	0	6	5	1
hsa-miR-6072	5	2	0	3	0	2
hsa-miR-4786-3p	36	82	27	21	36	108
hsa-miR-7-2-3p	0	1	2	1	0	0
hsa-miR-4275	2	0	0	0	2	2
hsa-miR-486-5p	4812	1322	1909	3437	1645	5300
hsa-miR-6733-5p	11	17	14	27	12	23
hsa-miR-3169	0	1	0	9	3	2
hsa-miR-4476	3	0	2	3	2	0
hsa-miR-4696	4	1	4	1	2	0
hsa-miR-3184-5p	10121	11391	7965	24977	7437	16329
hsa-miR-219b-3p	1	6	2	8	6	10
hsa-miR-8082	3	4	2	6	1	5
hsa-miR-5584-5p	2	0	1	7	1	2
hsa-miR-410-3p	70	57	56	262	75	26
hsa-miR-3119	5	12	10	23	3	100
hsa-miR-302c-3p	1	2	10	40	3	0
hsa-miR-143-3p	2186661	537126	253754	680577	764341	876831
hsa-miR-7111-3p	2	4	2	18	6	2
hsa-miR-548ae-5p	25	36	15	40	12	55
hsa-miR-376c-3p	180	58	85	294	118	103
hsa-miR-4440	0	5	0	2	2	5
hsa-miR-224-3p	137	219	37	1949	43	87
hsa-miR-5787	91	31	10	25	19	15
hsa-miR-4429	24	20	21	20	13	22
hsa-miR-6865-3p	0	2	0	0	2	1
hsa-miR-3975	0	0	1	0	2	0
hsa-miR-1976	5	2	4	10	2	16
hsa-miR-3974	0	0	0	0	0	0
hsa-miR-4710	2	4	0	4	1	4
hsa-miR-431-5p	9	8	8	128	10	10
hsa-miR-6715b-5p	10	49	4	1	7	8
hsa-miR-181b-5p	2821	1991	1527	9970	2106	3098
hsa-miR-4764-5p	0	8	5	4	1	7
hsa-miR-6871-3p	2	1	1	3	0	1
hsa-miR-8485	26	63	49	95	39	173
hsa-miR-6771-5p	2	1	2	0	4	2
hsa-miR-4520-5p	2	0	2	4	6	2
hsa-miR-5189-5p	2	3	2	8	6	7
hsa-miR-7702	0	1	0	8	3	3
hsa-miR-7161-3p	7	2	3	1	4	0
hsa-miR-6813-3p	1	1	5	2	2	4
hsa-miR-6892-3p	7	0	6	6	2	5
hsa-miR-3684	6	2	2	4	2	0
hsa-miR-337-3p	134	36	74	87	102	18
hsa-miR-4292	0	9	2	2	0	6
hsa-miR-497-5p	9054	3702	1855	6286	3596	1456
hsa-miR-320b	1708	1679	1337	1914	990	1815
hsa-miR-4506	0	2	4	2	0	2
hsa-miR-7845-5p	4	0	2	4	0	0
hsa-miR-802	9	1	10	0	3	59
hsa-miR-553	0	5	4	6	0	1
hsa-miR-6780b-3p	0	4	6	3	4	4
hsa-miR-6798-5p	0	0	5	3	0	3
hsa-miR-491-5p	42	35	29	61	36	129
hsa-miR-548at-3p	4	3	2	0	8	4
hsa-miR-4665-3p	6	15	16	9	5	14
hsa-miR-3168	89	97	250	263	100	210
hsa-miR-6888-5p	0	3	4	12	0	4
hsa-miR-598-5p	0	0	3	12	0	4
hsa-miR-7851-3p	1	17	17	28	13	18
hsa-miR-4749-3p	4	0	0	0	0	0
hsa-miR-8077	4	7	8	4	3	5
hsa-miR-548b-3p	26	88	14	21	12	56
hsa-miR-615-3p	11	17	1	74	1	36
hsa-miR-520d-3p	1	18	1	0	2	0
hsa-miR-506-3p	2	0	2	3	0	0
hsa-miR-548f-5p	87	129	89	192	74	176
hsa-miR-4735-3p	1	0	1	0	4	3
hsa-miR-1273a	112	195	210	440	203	337
hsa-miR-4726-3p	3	4	1	5	8	10
hsa-miR-4769-5p	2	9	9	3	3	3
hsa-miR-6853-3p	2	0	0	13	3	2
hsa-miR-4738-3p	0	3	2	1	0	0
hsa-miR-4305	2	2	4	4	2	2
hsa-miR-3200-3p	8	49	2	62	6	18
hsa-miR-4726-5p	0	0	2	10	0	7
hsa-miR-572	2	2	1	6	2	11
hsa-miR-192-3p	184	317	266	10	204	118
hsa-miR-4655-5p	2	1	0	1	0	6
hsa-miR-7973	0	3	2	2	0	1
hsa-miR-372-3p	8	8	3	10	30	1
hsa-miR-4692	0	2	0	2	0	2
hsa-miR-4487	0	2	2	4	3	5
hsa-miR-518d-5p	0	3	0	0	0	0
hsa-miR-5191	7	0	1	1	3	6
hsa-miR-3132	1	3	3	14	10	2
hsa-miR-6781-3p	0	1	0	0	2	2
hsa-miR-4677-3p	46	57	39	126	36	244
hsa-miR-185-3p	199	346	237	528	163	373
hsa-miR-3150b-3p	1	2	1	7	0	9
hsa-miR-6516-3p	18	43	26	34	12	57
hsa-miR-5586-5p	0	0	0	0	2	0
hsa-miR-4470	4	2	3	32	4	8
hsa-miR-7706	60	111	76	455	49	108
hsa-miR-362-3p	120	165	73	125	101	151
hsa-miR-888-5p	1	6	6	5	3	4
hsa-miR-6887-3p	0	6	2	0	0	2
hsa-miR-3679-5p	2	15	0	41	0	29
hsa-miR-99a-5p	130830	61031	86389	40334	103759	8575
hsa-miR-3180	2	10	5	4	1	8
hsa-miR-4458	2	0	13	0	10	6
hsa-miR-7152-3p	7	4	12	8	2	4
hsa-miR-548t-5p	3	9	0	6	2	10
hsa-miR-4322	9	7	5	10	2	24
hsa-miR-25-3p	14055	19130	9019	26599	11136	18434
hsa-miR-3944-3p	6	14	13	6	3	25
hsa-miR-5000-3p	11	22	10	38	14	76
hsa-miR-3591-5p	3565	2158	3606	140	2978	354
hsa-miR-3656	117	14	19	9	20	17
hsa-miR-3174	59	72	35	11	45	15
hsa-miR-6869-5p	1	5	2	6	3	3
hsa-miR-302a-5p	4	3	8	10	0	3
hsa-miR-21-5p	935224	2305593	1079348	9327620	948608	3829482
hsa-miR-25-5p	94	100	106	486	75	351
hsa-miR-195-3p	1357	460	337	1451	499	105
hsa-miR-6794-3p	0	0	7	3	2	4
hsa-miR-624-5p	64	58	36	41	74	108
hsa-miR-6773-3p	2	2	2	5	0	2
hsa-miR-4653-5p	0	2	3	0	0	0
hsa-miR-194-5p	194451	360756	277777	11562	241178	127620
hsa-miR-4471	0	7	0	3	7	1
hsa-miR-3133	8	7	14	10	9	5
hsa-miR-644a	1	2	2	6	0	1
hsa-miR-219a-2-3p	4	9	3	11	19	13
hsa-miR-297	0	2	2	5	0	0
hsa-miR-1184	0	1	0	7	1	0
hsa-miR-181d-3p	3	4	9	9	0	5
hsa-miR-520c-3p	0	11	1	2	1	0
hsa-miR-3612	7	4	7	6	3	11
hsa-miR-33b-5p	30	164	64	66	31	783
hsa-miR-6504-5p	0	34	4	5	7	96
hsa-miR-3685	0	2	0	1	3	3
hsa-miR-6842-3p	28	16	31	74	11	30
hsa-miR-196a-3p	2	0	2	2	0	2
hsa-miR-3926	0	0	0	0	1	0
hsa-miR-4637	1	2	4	3	7	3
hsa-miR-4284	28	19	12	1	22	20
hsa-miR-34a-5p	5533	7498	3456	3224	4523	4357
hsa-miR-7843-5p	6	14	9	14	9	29
hsa-miR-3180-3p	2	4	8	2	2	11
hsa-miR-4733-3p	0	0	0	4	0	18
hsa-miR-6756-3p	4	2	3	8	1	2
hsa-miR-6813-5p	7	13	16	14	12	11
hsa-miR-365b-5p	34	46	29	80	23	104
hsa-miR-6760-5p	0	3	2	4	1	8
hsa-miR-6512-3p	0	0	3	0	4	0
hsa-miR-1305	15	18	15	21	12	19
hsa-miR-10a-5p	122487	14816	20556	14098	45231	11671
hsa-miR-6784-5p	0	0	0	4	0	1
hsa-miR-4768-3p	1	4	0	5	2	14
hsa-miR-4691-3p	2	3	2	0	4	8
hsa-miR-619-3p	0	0	2	0	1	1
hsa-miR-3156-5p	3	0	0	3	5	5
hsa-miR-7106-3p	2	0	0	3	2	2
hsa-miR-378f	298	216	506	111	610	595
hsa-miR-6837-3p	5	2	4	13	5	6
hsa-miR-412-5p	10	8	18	52	18	4
hsa-miR-218-5p	2227	861	367	2250	973	957
hsa-miR-4767	3	3	12	25	11	21
hsa-miR-329-5p	7	7	9	6	5	0
hsa-miR-95-3p	3242	4907	904	9375	1935	2881
hsa-miR-4763-3p	13	11	10	11	7	7
hsa-miR-524-5p	0	27	0	1	3	2
hsa-miR-4652-3p	2	0	1	1	7	4
hsa-miR-30d-3p	822	857	616	1432	710	724
hsa-miR-4425	2	5	3	4	2	7
hsa-miR-6502-3p	0	4	0	4	0	0
hsa-miR-1251-3p	0	0	0	6	1	3
hsa-miR-5195-3p	0	1	9	0	0	5
hsa-miR-515-5p	0	26	0	1	4	6
hsa-miR-374c-5p	125	144	101	170	113	18
hsa-miR-129-1-3p	0	0	0	4	4	1
hsa-miR-499b-3p	310	261	349	229	309	41
hsa-miR-625-3p	168	79	86	339	76	74
hsa-miR-1343-5p	10	10	8	6	10	8
hsa-miR-190b	25	14	4	241	12	325
hsa-miR-4709-3p	2	0	0	14	4	7
hsa-miR-6875-3p	0	2	11	3	0	0
hsa-miR-6798-3p	3	2	0	14	1	4
hsa-miR-429	3860	1094	645	3657	1310	44
hsa-miR-101-5p	352	162	206	50	332	223
hsa-miR-4318	1	4	0	1	1	0
hsa-miR-449c-3p	6	2	1	4	1	4
hsa-miR-2053	0	0	0	1	0	0
hsa-miR-520e	0	4	3	1	0	2
hsa-miR-323b-3p	36	18	44	266	42	6
hsa-miR-328-3p	2787	1622	1321	1768	1441	940
hsa-miR-548h-3p	2	5	7	11	3	7
hsa-miR-134-3p	4	0	5	10	2	3
hsa-miR-126-5p	13624	8613	8471	4357	11749	1653
hsa-miR-4423-3p	3	1	5	6	1	2
hsa-miR-3137	0	0	2	3	2	15
hsa-miR-301b-5p	12	7	7	10	13	19
hsa-miR-1293	2	7	2	1	4	10
hsa-miR-7978	0	4	0	0	2	3
hsa-miR-4802-3p	10	79	26	49	11	33
hsa-miR-4670-5p	2	3	5	8	2	4
hsa-miR-4426	1	6	6	6	4	6
hsa-miR-6790-5p	1	2	0	0	0	3
hsa-miR-548j-5p	12	20	19	22	19	53
hsa-miR-384	0	0	0	2	3	6
hsa-miR-3607-5p	18	25	26	8	27	33
hsa-miR-6782-3p	1	0	1	9	0	0
hsa-miR-8063	8	21	11	10	12	0
hsa-miR-4448	29	16	36	56	47	31
hsa-miR-5587-5p	0	3	0	10	2	7
hsa-miR-1243	0	0	1	0	2	1
hsa-miR-6503-5p	18	17	20	20	28	25
hsa-miR-138-1-3p	1	1	1	7	0	0
hsa-miR-4251	0	1	2	0	1	4
hsa-miR-933	6	3	3	10	6	18
hsa-miR-3934-3p	1	5	3	2	0	7
hsa-miR-6776-3p	0	1	6	3	0	5
hsa-miR-3150b-5p	0	3	2	2	1	5
hsa-miR-378d	2642	1915	4687	1377	5211	5794
hsa-miR-7159-5p	0	1	3	0	5	0
hsa-miR-6891-3p	6	2	3	0	3	0
hsa-miR-188-5p	18	59	11	83	23	45
hsa-miR-4639-3p	2	0	0	2	0	3
hsa-miR-7110-5p	2	0	8	5	2	16
hsa-miR-7152-5p	0	2	1	2	1	6
hsa-miR-6084	3	8	14	12	10	6
hsa-miR-519e-5p	0	2	0	0	0	1
hsa-miR-651-5p	523	623	910	1431	418	68
hsa-miR-3149	10	10	11	15	9	14
hsa-miR-612	2	9	0	7	4	7
hsa-miR-3664-3p	26	70	28	28	20	78
hsa-miR-4802-5p	23	43	14	24	27	35
hsa-miR-4796-5p	12	31	13	8	17	29
hsa-miR-4472	134	239	329	92	122	69
hsa-miR-4477a	0	2	5	3	0	1
hsa-miR-3653-5p	141	263	181	88	194	432
hsa-miR-5009-5p	4	5	4	17	11	8
hsa-miR-146b-3p	1763	2070	1870	1696	2678	2618
hsa-miR-370-5p	16	15	15	37	28	7
hsa-miR-492	1	2	0	2	3	6
hsa-miR-409-3p	1381	727	1061	5212	1301	1249
hsa-miR-1321	0	2	0	4	0	0
hsa-miR-4436b-3p	0	0	5	8	0	2
hsa-miR-562	6	0	5	7	8	2
hsa-miR-410-5p	646	1231	773	156	839	595
hsa-miR-5197-5p	2	2	1	4	6	3
hsa-miR-1275	123	193	126	93	155	258
hsa-miR-4285	0	3	4	0	1	4
hsa-miR-6793-5p	5	1	7	18	2	1
hsa-miR-8087	0	0	2	4	0	1
hsa-miR-545-5p	4	2	4	20	0	8
hsa-miR-7843-3p	1	1	4	2	2	0
hsa-miR-4515	0	4	6	12	2	9
hsa-miR-4462	0	0	0	0	0	0
hsa-miR-6505-5p	2	2	2	5	0	0
hsa-miR-4327	0	4	6	6	8	3
hsa-miR-24-3p	36612	21897	20980	63416	23881	30774
hsa-miR-106a-3p	39	10	30	1455	26	14
hsa-miR-5004-3p	2	6	5	9	8	11
hsa-miR-1911-5p	5	2	3	2	4	0
hsa-miR-6883-5p	10	28	41	55	26	8
hsa-miR-1255b-5p	2	11	12	15	6	106
hsa-miR-4685-5p	35	34	55	0	38	13
hsa-miR-4490	1	0	4	2	0	2
hsa-miR-3157-5p	28	14	8	15	14	7
hsa-let-7c-5p	38987	16304	28808	19416	31153	7515
hsa-miR-3663-3p	45	36	34	21	30	31
hsa-miR-4712-3p	4	5	3	2	9	4
hsa-miR-4532	107	13	31	27	34	53
hsa-miR-770-5p	1	5	3	3	4	4
hsa-miR-139-5p	5049	1384	4355	926	5509	228
hsa-miR-23a-5p	5	1	5	21	5	13
hsa-miR-6085	6	4	1	2	2	5
hsa-miR-4679	37	8	6	6	30	1
hsa-miR-370-3p	857	277	839	4056	985	1185
hsa-miR-3192-5p	9	10	5	20	8	16
hsa-miR-1909-3p	1	1	1	3	2	4
hsa-miR-4650-5p	0	3	2	4	1	2
hsa-miR-647	6	4	6	6	8	10
hsa-miR-7846-3p	5	13	41	12	9	28
hsa-miR-6841-5p	0	0	1	2	2	4
hsa-miR-6859-5p	3	9	8	19	5	6
hsa-miR-3919	1	1	3	0	3	3
hsa-miR-548ap-3p	27	26	18	58	18	57
hsa-miR-377-3p	96	22	52	168	60	38
hsa-miR-216b-5p	65	1140	13	30	60	19
hsa-miR-3117-5p	0	0	0	1	1	0
hsa-miR-4685-3p	8	4	5	6	4	12
hsa-miR-3622a-5p	7	0	6	1	2	5
hsa-miR-1249-3p	76	107	74	78	59	46
hsa-miR-7109-3p	4	2	0	5	1	1
hsa-miR-3671	3	1	0	4	3	0
hsa-miR-199b-3p	170724	17210	30399	26387	68499	16969
hsa-miR-4745-5p	16	8	6	15	1	14
hsa-miR-6736-3p	0	4	3	4	0	3
hsa-miR-4745-3p	0	6	6	6	2	7
hsa-miR-345-3p	0	8	0	15	3	12
hsa-miR-3191-5p	2	6	4	5	2	15
hsa-miR-6131	641	496	564	924	317	441
hsa-miR-4533	0	1	6	2	1	2
hsa-miR-218-1-3p	18	1	5	9	0	8
hsa-miR-522-5p	0	17	1	0	3	0
hsa-miR-548d-5p	38	67	34	67	37	126
hsa-miR-668-3p	27	27	30	19	23	17
hsa-miR-6803-3p	3	5	4	3	0	10
hsa-miR-4675	0	0	6	4	0	2
hsa-miR-485-5p	88	20	84	181	91	57
hsa-miR-550b-2-5p	10	10	8	34	5	30
hsa-miR-6768-3p	1	2	1	1	0	5
hsa-miR-4690-3p	16	16	5	13	6	7
hsa-miR-4498	2	8	5	5	0	8
hsa-miR-8054	0	2	1	4	0	0
hsa-miR-4468	0	1	1	5	0	3
hsa-miR-580-3p	24	76	31	66	23	217
hsa-miR-5706	5	8	1	3	5	3
hsa-miR-4783-5p	1	2	0	4	1	10
hsa-miR-4655-3p	0	0	3	1	1	5
hsa-miR-520h	0	9	2	1	0	0
hsa-miR-3143	10	5	2	14	4	10
hsa-miR-4307	0	4	0	6	4	2
hsa-miR-636	2	2	4	6	3	6
hsa-miR-6840-3p	1	1	2	6	3	3
hsa-miR-3529-5p	1	1	1	2	1	3
hsa-miR-587	0	0	1	7	2	1
hsa-miR-6885-5p	7	0	2	5	2	4
hsa-miR-651-3p	2	0	0	6	0	2
hsa-miR-2467-5p	0	16	9	12	4	12
hsa-miR-518e-3p	0	21	3	0	1	0
hsa-miR-6126	10	0	7	4	6	13
hsa-miR-4310	0	0	0	1	1	1
hsa-miR-580-5p	2	2	3	4	2	18
hsa-miR-5188	0	2	1	3	0	0
hsa-miR-582-3p	358	149	279	450	291	883
hsa-miR-6748-3p	4	17	9	8	10	12
hsa-miR-6822-5p	0	5	2	7	0	1
hsa-miR-596	0	0	6	2	0	9
hsa-miR-6776-5p	1	4	3	0	0	1
hsa-miR-550a-5p	14	9	9	72	4	44
hsa-miR-653-5p	57	39	47	581	28	69
hsa-miR-1269a	3	81	1	0	2	12
hsa-miR-502-3p	1372	2136	896	2154	998	1727
hsa-miR-555	4	6	4	4	6	6
hsa-miR-675-3p	821	168	176	567	337	11
hsa-miR-1273h-3p	15	12	25	50	26	24
hsa-miR-3177-5p	4	6	0	6	0	2
hsa-miR-454-3p	387	506	176	1207	281	148
hsa-miR-627-3p	20	39	9	19	27	10
hsa-miR-3618	1	5	5	3	2	5
hsa-miR-6881-5p	2	4	1	3	0	0
hsa-miR-520a-5p	5	60	1	2	3	4
hsa-miR-3124-5p	4	16	10	17	2	8
hsa-miR-4290	1	4	0	2	2	0
hsa-miR-3978	2	0	2	6	0	7
hsa-miR-4263	3	0	2	4	3	1
hsa-miR-380-5p	12	4	14	40	8	12
hsa-miR-30c-2-3p	1714	1434	1103	3817	1079	493
hsa-miR-211-5p	9	7	4	3	24	7
hsa-miR-629-3p	48	47	40	197	35	338
hsa-miR-6803-5p	3	2	2	2	1	3
hsa-miR-6876-5p	0	0	2	7	0	5
hsa-miR-4796-3p	7	10	2	5	8	21
hsa-miR-4483	1	5	0	8	2	11
hsa-miR-6751-3p	1	5	6	2	4	3
hsa-miR-155-3p	3	0	4	6	2	0
hsa-miR-639	11	14	16	19	4	20
hsa-miR-875-5p	1	7	3	0	9	1
hsa-miR-4445-3p	0	7	5	2	0	1
hsa-miR-6856-3p	6	6	2	2	5	4
hsa-miR-5195-5p	2	7	6	8	2	14
hsa-miR-4274	0	6	1	0	0	3
hsa-miR-4755-3p	4	7	8	7	2	19
hsa-miR-18a-5p	163	493	124	880	139	263
hsa-miR-6513-5p	11	12	8	11	9	13
hsa-miR-448	0	0	1	3	5	1
hsa-miR-4758-5p	1	0	4	9	1	8
hsa-miR-502-5p	19	51	11	30	17	17
hsa-miR-769-3p	31	44	10	83	16	77
hsa-miR-3136-5p	9	18	5	16	9	16
hsa-miR-942-5p	53	73	14	80	29	227
hsa-miR-4761-5p	0	1	0	4	0	0
hsa-miR-5187-3p	4	0	3	2	3	6
hsa-miR-609	0	2	0	4	1	3
hsa-miR-1250-3p	1	2	2	8	2	6
hsa-miR-4507	6	0	0	2	3	6
hsa-miR-4684-3p	1	0	0	2	0	0
hsa-miR-6759-3p	2	0	0	1	0	5
hsa-miR-6125	8	4	8	15	5	22
hsa-miR-6894-5p	4	1	6	13	3	0
hsa-miR-340-5p	9338	19799	9770	8059	8089	6191
hsa-miR-3606-5p	6	9	3	5	5	6
hsa-miR-3689a-5p	0	1	0	0	0	0
hsa-miR-130a-5p	30	10	27	36	14	8
hsa-miR-4417	4	2	2	5	2	13
hsa-miR-3123	29	59	167	13	106	3
hsa-miR-3675-5p	1	6	0	18	4	2
hsa-miR-3686	6	2	9	3	4	1
hsa-let-7i-5p	160295	53566	90059	479641	117457	95455
hsa-miR-4489	2	0	1	9	0	4
hsa-miR-4461	49	40	146	31	30	36
hsa-miR-6879-5p	2	1	0	4	6	12
hsa-miR-1266-3p	0	0	1	3	1	3
hsa-miR-532-5p	6096	10409	4233	13452	5358	10831
hsa-miR-3913-5p	52	38	24	105	19	54
hsa-miR-10b-5p	22027	19993	432	4111	2151	7603
hsa-miR-24-1-5p	168	80	135	165	120	44
hsa-miR-5695	4	10	4	24	10	0
hsa-miR-1294	16	16	5	16	2	36
hsa-miR-7114-3p	2	2	2	2	3	0
hsa-miR-190a-3p	10	2	7	11	2	0
hsa-miR-4540	3	1	6	4	3	0
hsa-miR-5702	4	6	4	0	0	4
hsa-miR-4792	3483	1048	195	298	312	490
hsa-miR-6828-5p	2	3	3	8	1	9
hsa-miR-432-3p	0	0	2	10	2	2
hsa-miR-3171	1	23	2	3	0	0
hsa-miR-498	3	38	0	3	1	2
hsa-miR-149-3p	14	13	24	32	7	27
hsa-miR-4699-3p	2	19	7	5	15	2
hsa-miR-182-5p	1410	19187	207	15414	552	7937
hsa-miR-7161-5p	1	0	2	4	0	4
hsa-miR-593-3p	2	0	0	1	0	7
hsa-miR-7-5p	4480	3024	3871	17810	4172	13370
hsa-miR-4774-3p	0	0	0	2	0	3
hsa-miR-6832-3p	0	3	0	5	0	1
hsa-miR-6882-3p	0	2	5	6	5	8
hsa-miR-548ar-5p	4	8	16	9	7	7
hsa-miR-762	27	14	16	20	4	52
hsa-miR-487a-5p	19	13	6	27	32	4
hsa-miR-6787-3p	1	4	1	3	5	2
hsa-miR-184	2	4	1	257	0	5
hsa-miR-6889-5p	0	4	2	2	3	2
hsa-miR-4442	1	6	3	2	0	9
hsa-miR-8088	4	3	1	0	4	1
hsa-miR-133b	52	11	8	36	30	25
hsa-miR-512-3p	3	372	2	11	6	2
hsa-miR-6755-5p	1	1	0	6	0	0
hsa-miR-6744-3p	0	2	0	3	2	1
hsa-miR-181c-5p	208	39	69	1146	96	238
hsa-miR-1193	0	2	0	0	0	1
hsa-miR-6509-3p	0	6	0	8	2	3
hsa-miR-3529-3p	1436	945	1303	5875	1315	4251
hsa-miR-1178-3p	0	0	0	1	3	5
hsa-miR-4752	0	0	0	7	2	0
hsa-miR-4524b-5p	50	113	55	8	74	29
hsa-miR-1203	0	1	6	2	2	6
hsa-miR-6823-3p	1	3	1	2	2	1
hsa-miR-3128	11	19	12	26	5	13
hsa-miR-6858-3p	3	3	2	6	1	2
hsa-miR-3152-5p	6	6	0	7	2	2
hsa-miR-520d-5p	0	7	4	3	0	0
hsa-miR-3663-5p	6	0	1	5	2	2
hsa-miR-6855-3p	4	0	2	5	0	2
hsa-miR-517b-3p	0	59	1	1	0	0
hsa-miR-5002-5p	12	4	6	14	8	1
hsa-miR-1205	2	2	1	5	4	4
hsa-miR-29c-5p	732	545	522	361	562	379
hsa-miR-3918	0	0	2	1	0	1
hsa-miR-5688	2	5	3	2	0	0
hsa-miR-3146	0	7	3	0	1	2
hsa-miR-1179	4	0	11	14	5	2
hsa-miR-6719-3p	3	5	5	3	2	7
hsa-miR-579-3p	6	10	15	16	15	6
hsa-miR-379-5p	2504	458	1060	3384	2293	636
hsa-miR-1180-5p	2	4	4	8	0	3
hsa-miR-6804-5p	1	2	3	1	2	2
hsa-miR-125a-3p	62	30	28	368	61	120
hsa-miR-153-3p	25	8	8	18	2	6
hsa-miR-4653-3p	3	2	2	0	4	2
hsa-miR-4435	3	5	6	12	4	26
hsa-miR-4782-5p	2	0	3	8	0	12
hsa-miR-4671-3p	4	1	0	4	2	1
hsa-miR-6841-3p	0	0	0	0	1	0
hsa-miR-520g-3p	0	27	0	0	0	1
hsa-miR-718	9	2	0	5	6	16
hsa-miR-200b-3p	37991	7355	6635	22599	13314	466
hsa-miR-4776-3p	3	8	3	3	2	9
hsa-miR-3938	1	6	5	4	1	3
hsa-miR-3117-3p	28	4	2	36	4	12
hsa-miR-483-3p	2968	80	3042	140	2474	15
hsa-miR-6861-5p	0	0	9	3	0	8
hsa-miR-6077	11	15	3	1	15	17
hsa-miR-4474-5p	1	1	0	1	1	0
hsa-miR-6728-5p	0	4	0	2	0	6
hsa-miR-632	6	6	4	20	10	28
hsa-miR-6830-5p	1	0	2	2	1	3
hsa-miR-6516-5p	19	32	22	72	12	52
hsa-miR-27b-5p	400	478	362	1276	304	538
hsa-miR-135b-5p	40	15	44	40	59	29
hsa-miR-6501-3p	2	9	0	8	2	2
hsa-miR-324-3p	324	369	230	539	187	343
hsa-miR-7849-3p	0	0	3	3	3	6
hsa-miR-3151-5p	0	0	1	1	0	2
hsa-miR-6133	7	0	1	1	2	3
hsa-miR-1298-3p	1	5	2	3	1	4
hsa-miR-4713-3p	1	0	2	1	0	2
hsa-miR-3158-5p	20	16	21	53	24	91
hsa-miR-8080	0	3	0	4	1	4
hsa-miR-5692a	1	2	0	0	0	0
hsa-miR-3613-3p	57	123	36	55	61	38
hsa-miR-3674	0	4	0	16	0	4
hsa-miR-1246	532	1165	835	903	629	8563
hsa-miR-2681-3p	20	37	7	15	20	165
hsa-miR-545-3p	1	11	20	20	2	10
hsa-miR-208b-5p	0	1	0	9	0	2
hsa-miR-1289	7	3	7	8	16	8
hsa-miR-3177-3p	3	11	4	28	8	6
hsa-miR-6860	2	4	2	3	1	6
hsa-miR-1908-5p	21	15	13	6	7	5
hsa-miR-548aj-3p	13	84	38	4	21	9
hsa-miR-3688-5p	10	13	2	11	5	11
hsa-miR-5004-5p	0	0	1	0	0	0
hsa-miR-4718	0	0	0	0	0	1
hsa-miR-4319	1	5	4	3	5	2
hsa-miR-1225-5p	5	0	0	0	0	17
hsa-miR-3121-5p	1	0	0	6	1	0
hsa-miR-8067	0	2	4	7	3	2
hsa-miR-6507-3p	2	4	2	0	0	1
hsa-miR-3153	0	2	0	0	0	1
hsa-miR-6791-5p	2	1	6	9	0	2
hsa-miR-3942-3p	2	4	4	7	4	0
hsa-miR-6820-3p	24	28	6	69	22	44
hsa-miR-4706	17	3	16	10	4	11
hsa-miR-5588-5p	527	579	497	745	486	688
hsa-miR-548i	16	25	8	39	5	45
hsa-miR-548aw	9	4	0	6	5	14
hsa-miR-4731-5p	0	0	0	4	2	5
hsa-miR-548bb-5p	3	3	0	1	4	0
hsa-miR-1200	0	2	2	3	2	7
hsa-miR-6853-5p	0	0	8	4	0	4
hsa-miR-8089	0	0	0	2	3	3
hsa-miR-3162-5p	1	3	0	3	2	3
hsa-miR-574-5p	1289	2559	708	2512	700	6727
hsa-miR-4258	28	5	19	10	9	35
hsa-miR-6859-3p	0	3	0	2	0	2
hsa-let-7d-5p	8101	2482	5000	19465	5330	5995
hsa-miR-4503	1	2	0	3	4	0
hsa-miR-7853-5p	0	2	2	0	1	1
hsa-miR-1296-5p	609	764	283	375	508	258
hsa-miR-889-3p	82	37	34	139	92	7
hsa-miR-1226-5p	0	7	4	13	1	8
hsa-miR-6761-3p	4	12	6	2	0	3
hsa-miR-22-3p	49942	48530	96547	72652	43778	66078
hsa-miR-599	1	4	1	2	2	0
hsa-miR-30a-5p	166329	134298	103272	360376	104694	49071
hsa-miR-5571-3p	82	7	23	102	49	10
hsa-miR-6760-3p	4	1	2	2	2	2
hsa-miR-3182	524	2280	2371	1984	771	1911
hsa-miR-4500	85	36	40	19	86	14
hsa-miR-302e	3	0	2	2	0	3
hsa-miR-4497	45	73	15	37	48	368
hsa-miR-6885-3p	0	5	0	1	0	2
hsa-miR-5001-5p	12	13	11	20	28	16
hsa-miR-141-5p	1	1	6	4	4	3
hsa-miR-4328	8	6	9	10	13	3
hsa-miR-548a-3p	22	33	16	26	22	737
hsa-miR-15b-3p	310	191	163	676	153	258
hsa-miR-140-5p	3761	2922	1968	4517	2843	2795
hsa-miR-744-5p	2376	1533	2192	4086	2348	3710
hsa-miR-513c-3p	0	0	0	1	0	0
hsa-miR-4756-5p	2	0	5	0	3	2
hsa-miR-1257	8	87	5	15	5	128
hsa-miR-4695-5p	1	3	3	7	2	1
hsa-miR-222-5p	14	8	4	58	6	6
hsa-miR-145-5p	89154	13006	8967	13208	27392	22993
hsa-miR-148a-5p	2605	3314	2945	2246	2038	867
hsa-miR-3197	4	3	3	6	2	8
hsa-miR-3923	2	1	0	5	4	0
hsa-miR-548aj-5p	23	31	57	17	35	20
hsa-miR-374a-5p	8386	10536	4392	8760	6947	2007
hsa-miR-181a-2-3p	1137	866	600	4842	946	443
hsa-miR-3935	2	1	2	0	1	1
hsa-miR-4473	16	4	6	32	6	36
hsa-miR-181a-3p	498	250	325	699	446	317
hsa-miR-1267	5	8	1	0	2	5
hsa-miR-6893-5p	0	0	1	5	0	10
hsa-miR-6744-5p	2	4	1	0	0	13
hsa-miR-381-3p	4506	1107	1932	6251	4461	1788
hsa-miR-7848-3p	1	3	2	4	7	3
hsa-miR-6810-5p	3	2	2	4	2	2
hsa-miR-4646-5p	2	2	4	0	2	4
hsa-miR-4299	0	3	3	3	3	2
hsa-miR-6863	0	2	0	0	0	0
hsa-miR-1301-3p	269	579	332	1485	299	635
hsa-miR-605-3p	4	4	0	10	5	0
hsa-miR-4495	0	2	0	1	0	2
hsa-miR-6778-5p	3	8	0	1	0	7
hsa-miR-30a-3p	4860	2826	2389	6427	2829	808
hsa-miR-4480	2	2	0	1	2	0
hsa-miR-4443	63	82	214	300	136	669
hsa-miR-4766-5p	3	3	2	2	0	2
hsa-miR-935	22	18	13	198	14	25
hsa-miR-7844-5p	2	2	1	1	1	2
hsa-miR-3178	11	2	10	4	32	35
hsa-miR-378b	36	43	64	16	52	72
hsa-miR-548ae-3p	16	40	37	9	20	11
hsa-miR-1185-2-3p	51	4	30	131	38	22
hsa-miR-1238-3p	0	1	2	5	8	0
hsa-miR-484	4877	6023	5016	10095	3807	1985
hsa-miR-4646-3p	6	0	0	0	4	3
hsa-miR-8079	2	2	4	4	1	1
hsa-miR-519c-3p	0	12	1	7	1	6
hsa-miR-518c-3p	1	34	0	5	4	1
hsa-miR-3193	0	2	2	1	3	6
hsa-miR-4661-3p	2	7	3	0	2	3
hsa-miR-767-5p	0	18	5	6	2	14
hsa-miR-4493	2	2	5	2	0	0
hsa-miR-670-3p	2	1	2	0	0	3
hsa-miR-199b-5p	13255	1335	847	6489	4266	5412
hsa-miR-548y	1	11	3	0	4	2
hsa-miR-124-5p	12	23	20	2	19	13
hsa-let-7a-5p	201592	121972	117241	238810	132788	90635
hsa-miR-2355-5p	30	58	19	65	19	24
hsa-miR-4447	1	2	2	24	0	2
hsa-miR-6874-5p	2	0	2	2	0	1
hsa-miR-323a-3p	157	31	184	480	226	47
hsa-miR-6762-5p	2	8	3	4	3	4
hsa-miR-4501	2	1	1	1	1	0
hsa-miR-4524a-3p	27	108	52	7	52	26
hsa-miR-708-5p	377	16	43	365	240	546
hsa-miR-548ar-3p	11	24	7	7	6	21
hsa-miR-320c	303	333	306	531	190	574
hsa-miR-5705	2	4	0	3	0	0
hsa-miR-6878-5p	3	15	11	9	10	6
hsa-miR-361-5p	3372	2750	1572	7975	2345	2567
hsa-miR-517c-3p	1	19	1	4	2	1
hsa-miR-3915	15	7	13	4	10	14
hsa-miR-6134	18	15	10	29	14	16
hsa-miR-34c-5p	244	1131	83	656	156	1180
hsa-miR-487b-3p	310	70	103	411	278	122
hsa-miR-141-3p	473	119	67	254	308	23
hsa-miR-5193	12	10	12	6	19	15
hsa-miR-3614-3p	0	13	15	17	11	5
hsa-miR-744-3p	46	29	30	73	35	42
hsa-miR-6775-5p	4	1	4	7	1	6
hsa-miR-495-5p	1	0	4	1	2	0
hsa-miR-493-3p	587	244	230	1564	360	436
hsa-miR-3619-5p	0	2	3	8	0	10
hsa-miR-6812-5p	115	11	92	23	112	17
hsa-miR-4452	2	4	0	4	1	1
hsa-miR-4659b-3p	0	2	0	1	4	3
hsa-miR-4689	5	0	1	4	0	3
hsa-miR-4296	5	4	0	6	3	2
hsa-miR-6884-3p	0	1	0	1	0	0
hsa-miR-548ax	21	41	35	15	20	4
hsa-miR-3183	0	0	2	1	2	5
hsa-miR-3131	0	1	4	9	0	43
hsa-miR-6866-3p	0	2	1	0	0	1
hsa-miR-3622b-5p	0	2	3	4	2	2
hsa-miR-6886-5p	2	2	4	9	11	5
hsa-miR-548am-3p	42	102	79	114	67	37
hsa-miR-3065-3p	98	67	73	34	152	41
hsa-miR-515-3p	1	2	0	5	0	0
hsa-miR-5588-3p	4	28	10	4	9	0
hsa-miR-6880-5p	65	75	80	73	74	133
hsa-miR-3654	0	1	0	6	0	16
hsa-miR-3188	4	9	9	11	8	3
hsa-miR-99a-3p	797	357	575	167	642	49
hsa-miR-938	0	0	0	0	1	0
hsa-miR-3976	21	15	28	6	23	4
hsa-miR-128-2-5p	3	0	4	1	0	0
hsa-miR-4708-5p	7	0	1	2	0	0
hsa-miR-523-3p	0	14	1	0	0	0
hsa-miR-6742-5p	0	1	0	2	0	2
hsa-miR-1197	26	7	16	98	30	20
hsa-miR-3189-3p	4	1	0	0	2	4
hsa-miR-302d-5p	17	36	13	4	13	22
hsa-miR-298	2	6	10	1	3	12
hsa-miR-135a-5p	144	678	32	999	64	242
hsa-miR-4486	2	1	3	0	0	0
hsa-miR-6795-3p	0	0	1	2	1	1
hsa-miR-10b-3p	139	130	0	51	16	104
hsa-let-7b-5p	130659	39648	60663	164038	66559	100773
hsa-miR-615-5p	47	13	26	14	8	8
hsa-miR-372-5p	0	0	0	0	0	0
hsa-miR-7156-3p	0	2	6	3	0	2
hsa-miR-3135a	15	11	9	35	20	13
hsa-miR-4508	132	54	100	97	95	167
hsa-miR-1283	0	33	2	5	2	4
hsa-miR-663a	34	31	63	61	20	69
hsa-miR-1185-1-3p	138	31	65	409	117	68
hsa-miR-676-5p	0	0	0	9	0	5
hsa-miR-7856-5p	1	0	0	1	0	0
hsa-miR-6736-5p	2	2	8	4	1	7
hsa-miR-548u	4	11	9	46	7	129
hsa-miR-4650-3p	2	5	0	3	3	4
hsa-miR-8052	2	2	4	11	6	3
hsa-miR-26b-3p	259	320	211	142	229	62
hsa-miR-2115-5p	7	13	21	29	15	35
hsa-miR-1277-5p	89	164	88	398	121	147
hsa-miR-488-5p	2	3	4	2	6	3
hsa-miR-376b-3p	11	8	0	43	4	4
hsa-miR-628-5p	85	95	64	293	75	10
hsa-miR-3617-3p	0	0	5	7	1	3
hsa-miR-18b-3p	4	4	0	134	0	0
hsa-miR-4748	2	4	4	4	3	2
hsa-miR-383-3p	2	18	19	7	5	6
hsa-miR-5088-3p	0	2	0	2	2	9
hsa-miR-4519	6	6	1	12	6	11
hsa-miR-4431	4	2	1	4	2	3
hsa-miR-425-5p	1122	4065	1274	2178	924	2847
hsa-miR-656-5p	2	2	5	4	0	4
hsa-miR-1301-5p	0	5	3	4	2	0
hsa-miR-8076	2	3	2	0	4	4
hsa-miR-6772-3p	0	10	0	14	2	13
hsa-miR-6796-5p	0	1	1	4	6	6
hsa-miR-196b-5p	28	88	8	1695	21	129
hsa-miR-4432	0	0	0	2	0	2
hsa-miR-4776-5p	1	3	1	4	2	11
hsa-miR-342-3p	2467	885	1342	2574	1886	1372
hsa-miR-559	3	0	0	2	2	0
hsa-miR-4670-3p	0	1	2	1	1	5
hsa-miR-3064-5p	6	10	12	50	12	14
hsa-miR-548o-5p	1	5	1	6	1	7
hsa-miR-6089	15	5	6	4	3	6
hsa-miR-548as-3p	3	2	5	0	6	2
hsa-miR-4308	3	2	4	4	2	2
hsa-miR-8073	1	0	5	1	1	0
hsa-miR-892c-3p	5	7	10	8	5	6
hsa-miR-635	2	3	1	4	1	0
hsa-miR-3667-3p	9	9	12	2	4	6
hsa-miR-6847-3p	0	6	2	8	2	0
hsa-miR-6743-5p	14	5	0	9	0	4
hsa-miR-3166	4	0	0	1	5	0
hsa-miR-5701	297	686	557	146	447	1825
hsa-miR-23b-3p	36116	23459	23880	36261	22260	17175
hsa-miR-7151-3p	88	51	75	6	61	28
hsa-miR-302b-5p	2	4	1	5	8	1
hsa-miR-200c-3p	760	198	241	658	738	139
hsa-miR-6805-5p	5	6	2	5	6	10
hsa-miR-4641	0	0	2	1	1	5
hsa-miR-643	7	22	5	28	3	32
hsa-miR-4677-5p	3	7	9	21	6	24
hsa-miR-32-3p	76	64	49	197	51	17
hsa-miR-365a-3p	1954	4392	2001	1876	1473	767
hsa-miR-550b-3p	11	11	14	69	9	34
hsa-miR-4286	783	1174	726	602	809	907
hsa-miR-4687-3p	1	6	2	18	3	17
hsa-miR-4727-5p	0	6	1	4	7	5
hsa-miR-6775-3p	3	4	6	0	1	2
hsa-miR-34b-3p	1	10	1	5	0	6
hsa-miR-602	0	6	1	7	3	3
hsa-miR-197-5p	6	6	3	10	5	16
hsa-miR-889-5p	4	0	0	10	0	10
hsa-miR-143-5p	22578	9173	3655	16509	9789	18801
hsa-miR-4666b	1	1	0	0	1	2
hsa-miR-7847-3p	4	1	5	3	2	7
hsa-miR-7110-3p	70	45	52	95	70	127
hsa-miR-2909	0	0	3	4	0	3
hsa-miR-146a-5p	15385	3120	18526	17202	21143	11533
hsa-miR-3161	0	2	5	4	2	3
hsa-miR-5095	81	86	93	72	75	123
hsa-miR-432-5p	166	52	87	544	133	92
hsa-miR-3126-5p	0	1	2	4	5	2
hsa-miR-5581-3p	3	2	0	9	2	10
hsa-miR-1295b-5p	1	4	3	1	1	0
hsa-miR-203b-5p	1231	914	1384	109	1078	367
hsa-miR-548ac	4	2	1	3	0	1
hsa-miR-4488	74	6	59	49	25	50
hsa-miR-4716-5p	2	3	0	0	2	0
hsa-miR-3127-3p	0	2	2	6	4	14
hsa-miR-4751	0	3	2	2	3	5
hsa-miR-4423-5p	1	2	0	5	5	3
hsa-miR-6894-3p	1	5	2	5	0	3
hsa-miR-4454	241	363	38	897	113	118
hsa-miR-520b	0	2	1	1	1	0
hsa-miR-548k	95	212	78	216	73	402
hsa-miR-4293	1	3	2	2	5	1
hsa-miR-146a-3p	39	10	50	55	40	16
hsa-miR-4731-3p	0	0	2	0	0	0
hsa-miR-485-3p	125	40	64	425	108	38
hsa-miR-891a-3p	0	4	2	1	0	2
hsa-miR-6740-3p	3	0	1	4	2	1
hsa-miR-548ag	6	4	7	5	16	17
hsa-miR-1468-3p	1	0	6	3	4	8
hsa-let-7d-3p	1635	617	848	3566	1127	833
hsa-miR-3179	2	3	0	4	0	8
hsa-miR-759	1	1	12	6	5	2
hsa-miR-4264	0	2	2	2	2	2
hsa-miR-8059	0	4	2	3	4	18
hsa-miR-6872-5p	4	4	0	0	2	10
hsa-miR-1292-3p	9	4	3	4	6	22
hsa-miR-30e-5p	132813	194807	176806	164180	144763	105879
hsa-miR-6124	4	2	2	2	0	3
hsa-miR-300	1	2	3	5	5	0
hsa-miR-129-2-3p	0	0	0	2	0	0
hsa-miR-524-3p	383	768	606	10	434	127
hsa-miR-5582-5p	0	2	2	2	0	0
hsa-miR-4721	7	1	5	3	1	2
hsa-miR-4750-5p	104	85	92	102	67	80
hsa-miR-5680	17	1	7	2	10	4
hsa-miR-1302	6	5	4	9	6	2
hsa-miR-1250-5p	34	30	28	31	43	72
hsa-miR-6127	5	4	1	1	1	3
hsa-miR-6783-5p	0	2	0	3	2	6
hsa-miR-1236-3p	3	0	0	0	0	0
hsa-miR-491-3p	1	2	2	3	2	6
hsa-miR-20a-3p	71	90	56	71	81	21
hsa-miR-3960	73	40	64	40	56	258
hsa-miR-4649-3p	9	4	2	5	9	9
hsa-miR-6738-5p	0	0	0	2	5	1
hsa-miR-655-3p	118	29	36	163	90	14
hsa-miR-585-3p	48	28	2	338	35	60
hsa-miR-496	6	3	2	14	4	9
hsa-miR-6829-3p	1	0	3	4	0	5
hsa-miR-597-5p	4	32	4	61	8	6
hsa-miR-187-5p	5	3	0	5	2	4
hsa-miR-3116	1	5	1	2	5	22
hsa-miR-1256	0	6	2	5	2	7
hsa-miR-5591-3p	0	4	0	0	3	0
hsa-miR-892a	1	2	2	2	1	2
hsa-miR-371a-3p	0	1	1	2	0	1
hsa-miR-6728-3p	0	3	2	2	0	7
hsa-miR-3129-5p	5	2	1	8	4	0
hsa-miR-6870-5p	2	2	7	2	1	0
hsa-miR-5703	0	3	4	0	4	3
hsa-miR-3134	2	18	6	18	5	5
hsa-miR-29b-3p	3728	1539	1560	1875	2344	2118
hsa-miR-3160-5p	25	10	28	29	24	35
hsa-miR-6809-5p	4	0	2	2	2	5
hsa-miR-6817-5p	6	7	3	4	3	13
hsa-miR-6717-5p	9	6	5	9	10	6
hsa-miR-3139	2	15	4	6	0	9
hsa-miR-523-5p	0	13	0	0	0	0
hsa-miR-4536-3p	4	0	0	1	5	2
hsa-miR-5047	1	0	3	2	5	1
hsa-miR-30c-1-3p	410	480	378	303	315	193
hsa-miR-335-5p	1162	882	681	2143	1206	431
hsa-miR-4661-5p	5	15	3	7	2	30
hsa-miR-4711-3p	0	1	0	2	0	0
hsa-miR-6165	5	2	5	3	0	6
hsa-miR-371a-5p	1	3	5	0	0	0
hsa-miR-4330	3	0	6	2	0	4
hsa-miR-325	0	1	0	4	0	0
hsa-miR-7852-3p	4	0	4	1	0	0
hsa-miR-4658	0	3	0	1	1	5
hsa-miR-6515-3p	1	0	0	4	0	3
hsa-miR-939-5p	10	21	9	20	28	41
hsa-miR-6876-3p	4	4	6	2	1	2
hsa-miR-1263	2	5	0	0	6	0
hsa-miR-5100	218	110	206	168	296	190
hsa-miR-6784-3p	4	1	2	7	0	1
hsa-miR-6829-5p	2	2	0	7	2	9
hsa-miR-3173-3p	1	0	3	2	0	11
hsa-miR-4789-5p	0	0	0	2	0	2
hsa-miR-6800-3p	1	1	2	1	0	2
hsa-miR-6852-5p	9	5	9	16	8	7
hsa-miR-4801	0	0	2	2	0	0
hsa-miR-1288-3p	2	4	8	4	8	2
hsa-miR-15b-5p	1753	1610	798	4684	1119	1542
hsa-miR-8085	10	6	6	3	12	3
hsa-miR-6742-3p	2	2	0	0	0	3
hsa-miR-543	274	99	178	989	213	40
hsa-miR-4697-5p	0	3	2	2	0	1
hsa-miR-3912-5p	4	0	5	6	1	1
hsa-miR-4632-5p	0	2	4	0	0	4
hsa-miR-455-5p	12361	8948	9912	7428	8378	6460
hsa-miR-323a-5p	0	2	2	6	0	6
hsa-miR-3144-3p	18	392	2	29	19	71
hsa-miR-330-5p	150	174	87	669	98	526
hsa-miR-5585-3p	17	30	30	69	42	52
hsa-miR-583	0	3	4	8	0	1
hsa-miR-433-3p	138	40	78	358	144	73
hsa-miR-3681-3p	22	6	2	12	3	11
hsa-miR-548o-3p	142	141	94	200	77	217
hsa-miR-4510	39	21	36	22	28	11
hsa-miR-5002-3p	1	0	3	20	1	2
hsa-miR-1208	34	25	7	14	24	3
hsa-miR-4492	61	31	19	16	6	43
hsa-miR-7162-3p	4	2	1	2	0	0
hsa-miR-944	2	1	5	0	0	5
hsa-miR-205-5p	0	2	9	7	1	5
hsa-miR-4788	1	2	4	2	1	1
hsa-miR-582-5p	176	89	143	136	187	176
hsa-miR-939-3p	4	7	2	7	4	6
hsa-miR-1273g-5p	3	15	7	8	8	12
hsa-miR-6738-3p	1	2	0	0	0	0
hsa-miR-6816-5p	0	0	1	6	1	8
hsa-miR-4433b-5p	3	0	3	10	9	2
hsa-miR-6758-5p	0	1	1	5	0	2
hsa-miR-548ao-3p	6	1	0	6	0	4
hsa-miR-8078	0	2	6	3	1	1
hsa-miR-6779-3p	0	1	2	8	2	1
hsa-miR-125a-5p	104997	18543	20650	83275	52150	14891
hsa-miR-3689b-3p	1	6	1	0	1	0
hsa-miR-4424	2	5	0	6	3	2
hsa-miR-520a-3p	3	112	4	1	3	3
hsa-miR-509-3-5p	6	24	3	8	5	2
hsa-miR-6726-5p	3	0	0	11	2	3
hsa-miR-6799-3p	6	7	0	7	0	6
hsa-miR-8074	1	0	0	6	0	0
hsa-miR-28-5p	4815	5103	5025	5162	5372	4436
hsa-miR-151b	168	258	138	199	153	352
hsa-miR-4667-3p	0	3	0	4	4	3
hsa-miR-6730-3p	3	0	6	0	1	2
hsa-miR-6827-5p	12	2	7	14	5	13
hsa-miR-943	4	9	2	16	4	13
hsa-miR-505-3p	1951	1809	2253	1758	1660	312
hsa-miR-658	27	26	52	15	41	21
hsa-miR-513b-5p	0	7	0	2	3	0
hsa-miR-5685	1	6	1	8	1	0
hsa-miR-335-3p	1015	956	494	2055	1041	155
hsa-miR-4477b	2	3	0	5	1	2
hsa-miR-6865-5p	7	17	11	30	7	21
hsa-miR-4638-5p	2	1	0	11	3	4
hsa-miR-4257	4	15	11	5	3	11
hsa-miR-4732-3p	6	2	3	8	1	9
hsa-miR-193a-5p	1439	1553	1341	1649	953	2383
hsa-miR-4529-5p	7	8	4	11	4	6
hsa-miR-4504	8	13	6	13	0	9
hsa-miR-4445-5p	0	24	4	0	1	1
hsa-miR-4474-3p	4	2	2	13	0	23
hsa-miR-670-5p	2	0	3	2	1	3
hsa-miR-365a-5p	50	151	58	168	36	221
hsa-miR-155-5p	1946	690	1309	6733	2163	1171
hsa-miR-93-5p	9284	18976	6665	30455	6514	15891
hsa-miR-4795-5p	4	4	3	4	6	2
hsa-miR-1181	52	34	32	32	33	94
hsa-miR-4260	2	5	0	3	0	3
hsa-miR-4724-3p	2	2	0	2	0	2
hsa-miR-373-5p	0	2	0	2	0	0
hsa-miR-6805-3p	3	0	1	10	6	4
hsa-miR-3667-5p	4	12	1	7	2	7
hsa-miR-4715-5p	1388	727	1043	490	1276	258
hsa-miR-6870-3p	0	2	1	0	0	1
hsa-miR-326	288	84	271	418	297	483
hsa-miR-620	0	0	0	1	5	1
hsa-miR-101-3p	886385	468293	702964	233869	753367	275886
hsa-miR-1273h-5p	15	21	17	31	13	31
hsa-miR-302c-5p	0	1	9	3	0	1
hsa-miR-6821-5p	15	2	3	2	1	9
hsa-miR-369-5p	145	26	59	161	85	24
hsa-miR-4772-5p	18	11	12	22	9	7
hsa-miR-1204	7	1	0	4	0	0
hsa-miR-6746-3p	3	4	4	6	9	0
hsa-miR-7108-3p	14	5	7	6	2	7
hsa-miR-411-5p	1583	231	540	1063	1070	185
hsa-miR-6875-5p	0	7	2	3	3	5
hsa-miR-422a	93	80	166	45	224	160
hsa-miR-6843-3p	6	5	15	10	15	4
hsa-miR-3655	7	8	5	5	4	21
hsa-miR-339-3p	1008	1665	630	2200	623	2778
hsa-miR-376a-3p	97	17	20	145	51	27
hsa-miR-4632-3p	2	2	8	6	6	2
hsa-miR-4664-3p	6	14	8	28	12	16
hsa-miR-4683	29	2	11	30	27	5
hsa-miR-378a-5p	561	543	923	165	1244	399
hsa-miR-4496	7	12	35	11	29	48
hsa-miR-4441	0	1	1	3	3	1
hsa-miR-548aq-3p	20	29	60	15	29	21
hsa-miR-3162-3p	10	6	4	5	2	4
hsa-miR-148b-5p	389	704	351	1010	312	457
hsa-miR-4707-3p	2	8	0	4	0	12
hsa-miR-6812-3p	1	3	2	3	1	3
hsa-miR-373-3p	6	4	0	4	2	3
hsa-miR-554	0	4	5	8	9	4
hsa-miR-4804-3p	0	0	0	2	2	2
hsa-miR-586	0	0	0	1	0	0
hsa-miR-6753-3p	2	1	3	14	8	6
hsa-miR-3191-3p	1	2	5	5	1	6
hsa-miR-548h-5p	154	283	224	60	211	23
hsa-miR-657	2	3	2	0	1	3
hsa-miR-18b-5p	17	37	10	442	11	16
hsa-miR-7155-5p	0	2	0	0	2	0
hsa-miR-34c-3p	3	10	0	0	2	6
hsa-miR-7153-3p	0	0	0	2	0	0
hsa-miR-625-5p	168	62	76	305	88	60
hsa-miR-7107-3p	0	0	3	0	3	4
hsa-miR-4273	5	1	2	6	2	4
hsa-miR-26b-5p	80348	91620	52307	31524	67030	12442
hsa-miR-4725-5p	0	7	2	1	0	4
hsa-miR-98-3p	58	42	56	188	43	30
hsa-miR-4781-3p	10	7	12	15	7	4
hsa-miR-520g-5p	0	4	7	4	4	1
hsa-miR-1297	98	103	75	39	93	7
hsa-miR-4301	25	13	13	37	12	7
hsa-miR-3909	139	383	155	108	126	271
hsa-miR-5196-3p	2	3	2	0	3	4
hsa-miR-5687	1	0	0	4	0	2
hsa-miR-4727-3p	0	2	0	2	0	2
hsa-miR-29b-2-5p	199	198	117	235	128	115
hsa-miR-3074-5p	18141	11071	10520	32004	11816	15020
hsa-miR-6845-3p	0	6	0	5	1	5
hsa-miR-8081	0	0	0	1	0	4
hsa-miR-296-3p	140	15	38	574	40	57
hsa-miR-151a-5p	753	927	540	953	639	774
hsa-miR-3659	1	0	0	1	2	1
hsa-miR-1207-5p	2	4	1	14	8	19
hsa-miR-4485-3p	18	42	15	8	22	11
hsa-miR-548v	18	13	21	10	9	12
hsa-miR-367-5p	2	0	4	1	3	1
hsa-miR-365b-3p	2081	4340	1982	1868	1487	752
hsa-miR-2113	1	2	1	4	9	1
hsa-miR-548b-5p	24	90	25	54	17	97
hsa-miR-424-5p	6778	1493	2180	1842	5342	893
hsa-miR-6774-5p	4	1	2	4	2	3
hsa-miR-892c-5p	58	61	7	42	37	13
hsa-miR-1206	2	2	5	3	1	1
hsa-miR-105-5p	0	12	4	16	8	4
hsa-let-7e-5p	6045	1978	1889	9710	3247	2090
hsa-miR-6132	1	2	0	4	1	0
hsa-miR-34b-5p	4	16	3	3	3	6
hsa-miR-5696	6	14	1	6	12	2
hsa-miR-6128	20	13	20	19	28	34
hsa-miR-5694	5	0	8	4	5	1
hsa-miR-1587	0	1	3	5	1	6
hsa-miR-8062	24	20	40	35	48	19
hsa-miR-362-5p	499	1202	266	946	343	1212
hsa-miR-548e-5p	0	7	1	4	0	2
hsa-miR-6499-3p	0	0	0	2	0	0
hsa-miR-585-5p	2	2	6	6	5	1
hsa-miR-4750-3p	36	46	37	50	25	71
hsa-miR-4672	4	4	2	3	6	2
hsa-miR-4538	2	0	1	4	0	5
hsa-miR-622	3	7	5	17	7	18
hsa-miR-5087	5	0	0	9	2	3
hsa-miR-3159	2	15	5	4	5	6
hsa-miR-136-5p	228	72	93	330	166	178
hsa-miR-214-5p	1076	109	193	335	505	289
hsa-miR-4736	0	0	0	4	0	2
hsa-miR-548t-3p	16	42	15	27	13	53
hsa-miR-6763-5p	4	5	10	5	4	8
hsa-miR-9-5p	1805	20903	269	1152	2216	14294
hsa-let-7a-2-3p	17	8	13	7	10	3
hsa-miR-31-5p	240	12	18	113	123	86
hsa-miR-1324	2	9	15	4	4	3
hsa-miR-4297	2	2	7	1	4	3
hsa-miR-891b	1	5	3	0	6	2
hsa-miR-363-5p	1	4	9	727	2	5
hsa-miR-6509-5p	4	8	0	5	6	4
hsa-miR-1287-5p	172	77	176	861	101	111
hsa-miR-6808-5p	0	0	3	1	2	3
hsa-miR-6747-3p	4	5	2	1	0	1
hsa-miR-4999-3p	4	4	2	4	6	2
hsa-miR-7641	704	739	1129	719	981	788
hsa-miR-4259	2	4	3	1	0	12
hsa-miR-4729	2	7	0	9	1	4
hsa-miR-649	6	0	4	6	2	2
hsa-miR-8053	1	5	1	4	0	4
hsa-miR-5704	0	0	0	0	0	1
hsa-miR-1229-5p	1	6	2	2	3	4
hsa-miR-148b-3p	34087	69037	31071	67101	30792	14918
hsa-miR-3150a-5p	2	5	3	2	0	7
hsa-miR-4793-3p	3	4	6	6	1	7
hsa-miR-664a-3p	541	475	360	274	367	102
hsa-miR-520f-5p	6	2	3	3	3	5
hsa-miR-3167	4	0	7	6	4	3
hsa-miR-4773	4	3	3	5	9	5
hsa-miR-377-5p	84	36	53	116	66	58
hsa-miR-7850-5p	0	5	4	9	0	2
hsa-miR-1-3p	8572	991	572	2337	3859	1058
hsa-miR-451a	19875	5125	10959	10693	7611	22987
hsa-miR-4309	0	2	4	3	1	4
hsa-miR-876-3p	4	2	2	0	0	2
hsa-miR-8064	0	0	8	2	3	0
hsa-miR-499a-3p	0	1	2	3	1	9
hsa-miR-4463	3	5	8	10	4	7
hsa-miR-6508-5p	0	0	1	0	0	0
hsa-miR-548ay-3p	8	27	13	9	19	40
hsa-miR-1268a	48	61	95	131	56	161
hsa-miR-4738-5p	2	0	0	0	0	4
hsa-miR-4700-5p	1012	1027	1756	443	1098	545
hsa-miR-641	45	20	22	31	23	44
hsa-miR-34a-3p	46	38	25	35	35	16
hsa-miR-6797-3p	6	17	9	4	8	5
hsa-miR-1304-5p	13	27	10	54	13	79
hsa-miR-548n	8	19	13	44	13	34
hsa-miR-3922-5p	2	2	4	14	0	10
hsa-miR-1255a	2	2	17	32	11	68
hsa-miR-6873-5p	0	0	3	3	4	1
hsa-miR-6746-5p	2	5	0	9	4	7
hsa-miR-4271	2	0	1	0	0	0
hsa-miR-6807-5p	0	9	4	11	6	17
hsa-miR-6506-5p	6	2	0	8	4	2
hsa-miR-193b-5p	151	212	297	441	140	298
hsa-miR-4304	0	0	2	1	0	1
hsa-miR-3646	2	4	6	2	2	9
hsa-miR-3175	12	5	2	8	5	10
hsa-miR-3924	0	0	4	2	2	4
hsa-miR-4669	2	6	12	8	2	10
hsa-miR-1322	0	0	0	1	1	3
hsa-miR-6515-5p	5	15	16	10	5	20
hsa-miR-1224-5p	0	1	2	9	4	11
hsa-miR-548ad-3p	0	1	0	0	0	0
hsa-miR-6792-5p	0	0	2	0	0	2
hsa-miR-1261	53	94	234	98	114	72
hsa-miR-5700	2	0	4	0	1	2
hsa-miR-4723-3p	1	4	2	2	0	2
hsa-miR-29a-3p	39039	25321	27631	22281	30747	34701
hsa-miR-4481	1	2	1	0	1	3
hsa-miR-3713	0	1	0	1	0	2
hsa-miR-4725-3p	4	2	3	10	1	11
hsa-miR-548aa	37	64	27	67	23	129
hsa-miR-556-3p	26	70	18	18	16	14
hsa-miR-4537	101	131	294	72	176	49
hsa-miR-648	2	3	2	4	2	8
hsa-miR-6818-3p	4	7	4	4	1	3
hsa-miR-501-5p	27	62	24	180	32	59
hsa-miR-758-5p	0	2	0	3	5	5
hsa-miR-4755-5p	6	2	3	5	9	9
hsa-miR-3665	33	11	7	9	10	35
hsa-miR-301a-3p	37	62	18	215	20	42
hsa-miR-2277-5p	59	154	32	184	54	105
hsa-miR-3920	2	4	4	1	3	0
hsa-miR-4999-5p	20	33	12	11	26	6
hsa-miR-216a-3p	10	289	15	29	12	2
hsa-miR-3145-3p	10	16	6	2	1	5
hsa-miR-296-5p	246	44	64	436	128	45
hsa-miR-2052	4	0	0	2	0	0
hsa-miR-219a-1-3p	28	17	30	24	20	40
hsa-miR-4800-5p	4	14	6	3	1	9
hsa-miR-6895-5p	2	0	5	7	3	6
hsa-miR-4635	9	12	5	6	4	0
hsa-miR-675-5p	458	85	97	640	182	24
hsa-miR-6083	4	4	11	8	5	11
hsa-miR-486-3p	4879	1279	1988	3625	1661	5361
hsa-miR-5698	3	2	0	4	4	13
hsa-miR-3621	29	15	4	11	4	20
hsa-miR-652-5p	89	84	39	285	44	38
hsa-miR-202-5p	18	3	4	2	3	11
hsa-miR-510-5p	4	0	0	2	0	0
hsa-miR-3195	332	83	81	68	46	58
hsa-miR-301a-5p	14	13	5	83	15	5
hsa-miR-4269	0	9	4	13	9	6
hsa-miR-548ao-5p	2	4	5	1	5	1
hsa-miR-195-5p	9619	2645	1337	4156	3429	579
hsa-miR-4499	2	5	3	6	4	3
hsa-miR-7114-5p	6	3	4	2	5	6
hsa-miR-548am-5p	3	12	1	5	4	5
hsa-miR-624-3p	6	10	2	8	6	16
hsa-miR-600	27	36	63	14	45	7
hsa-miR-1908-3p	95	33	10	19	22	31
hsa-miR-623	0	2	0	4	1	1
hsa-miR-4724-5p	6	18	4	9	13	11
hsa-miR-934	66	5	26	10	21	4
hsa-miR-4512	4	6	8	7	9	14
hsa-miR-199a-5p	300260	29069	44620	45287	110662	37311
hsa-miR-3194-5p	6	12	10	13	13	18
hsa-miR-564	4	5	1	10	4	2
hsa-miR-302f	2	0	0	0	2	0
hsa-miR-6835-3p	1	0	0	0	2	0
hsa-miR-4316	3	3	0	0	0	3
hsa-miR-19b-3p	10812	10593	9718	20301	10882	11619
hsa-miR-631	3	11	6	5	3	5
hsa-miR-640	2	0	0	5	2	4
hsa-miR-153-5p	2	0	1	1	2	0
hsa-miR-4723-5p	8	6	14	8	6	4
hsa-miR-6506-3p	3	1	1	1	4	2
hsa-miR-3691-3p	2	3	2	9	4	2
hsa-miR-8065	5	4	6	0	3	2
hsa-miR-4666a-3p	18	1	11	2	7	0
hsa-miR-4716-3p	1	5	4	4	0	1
hsa-miR-885-5p	2703	9712	4742	147	2617	1699
hsa-miR-504-5p	727	469	230	335	474	444
hsa-miR-6890-5p	2	1	1	3	2	2
hsa-miR-4520-3p	0	0	1	0	3	2
hsa-miR-660-3p	41	36	19	68	25	36
hsa-miR-539-5p	10	9	6	23	10	13
hsa-miR-2276-5p	2	4	3	5	0	8
hsa-miR-217	263	7618	94	305	348	115
hsa-miR-611	1	0	1	3	2	5
hsa-miR-1245b-3p	4	1	2	9	0	4
hsa-miR-516b-5p	7	408	3	12	0	5
hsa-miR-128-3p	4855	10577	4559	14169	4925	2930
hsa-miR-198	3	2	6	1	5	0
hsa-miR-6806-3p	0	1	1	5	3	3
hsa-miR-150-5p	15933	1320	2431	4817	9543	759
hsa-miR-1287-3p	9	6	3	15	3	2
hsa-miR-3680-5p	3	2	10	7	3	10
hsa-miR-1182	2	2	1	4	2	5
hsa-miR-6756-5p	5	10	1	12	1	14
hsa-miR-4255	1	0	0	1	0	5
hsa-miR-5589-5p	31	59	48	0	20	4
hsa-let-7e-3p	345	78	70	481	151	67
hsa-miR-7153-5p	1	0	0	0	0	2
hsa-miR-6848-3p	4	3	5	0	4	0
hsa-miR-200c-5p	2	0	2	0	2	0
hsa-miR-6800-5p	0	2	4	3	0	5
hsa-miR-4765	2	9	3	2	0	10
hsa-miR-548av-5p	0	6	0	0	0	7
hsa-miR-2681-5p	6	8	3	10	5	57
hsa-miR-608	0	6	4	0	1	4
hsa-miR-765	4	2	7	4	1	12
hsa-miR-5589-3p	74	78	149	4	56	0
hsa-miR-606	7	22	8	9	7	20
hsa-miR-638	7	2	2	9	2	5
hsa-miR-6839-5p	2	2	3	7	3	6
hsa-miR-4491	0	0	2	4	0	0
hsa-miR-3135b	1374	1264	1735	2059	814	1259
hsa-miR-6727-5p	3	10	4	5	4	9
hsa-miR-6763-3p	19	18	9	15	17	15
hsa-miR-3651	0	3	4	6	4	11
hsa-miR-873-3p	4	8	7	4	8	21
hsa-miR-489-5p	5	2	1	0	2	0
hsa-miR-4520-2-3p	1	0	0	1	2	1
hsa-miR-6868-3p	5	0	0	14	0	4
hsa-miR-4699-5p	1	6	1	6	9	5
hsa-miR-548z	3	7	7	6	1	7
hsa-miR-6826-5p	0	3	1	1	5	7
hsa-miR-1307-5p	1061	2516	951	1402	514	1132
hsa-miR-5699-3p	6	20	10	14	12	46
hsa-miR-135b-3p	0	2	5	3	2	4
hsa-miR-4306	3	8	3	6	6	13
hsa-miR-2115-3p	2	2	2	7	5	14
hsa-miR-4665-5p	4	1	0	3	1	4
hsa-miR-6769a-3p	14	4	0	1	5	2
hsa-miR-6814-5p	12	3	11	13	2	15
hsa-miR-6074	0	1	0	0	2	4
hsa-let-7i-3p	338	155	184	904	257	208
hsa-miR-1244	3	4	0	0	4	2
hsa-miR-4673	5	2	3	5	7	6
hsa-miR-4535	1	4	2	2	1	8
hsa-miR-4654	0	1	1	2	0	12
hsa-miR-186-5p	16979	11711	10029	21695	12511	28714
hsa-miR-4455	21	37	5	74	7	23
hsa-miR-3176	11	27	10	83	2	27
hsa-miR-6836-5p	9	11	22	12	8	14
hsa-miR-4783-3p	0	4	0	2	0	3
hsa-miR-6090	26	36	2	5	8	4
hsa-miR-451b	50	25	39	13	22	37
hsa-miR-3648	15	8	29	17	17	41
hsa-miR-7515	0	4	6	5	0	8
hsa-miR-6890-3p	0	0	0	2	0	0
hsa-miR-3929	28	40	47	139	44	101
hsa-miR-23a-3p	36608	10334	9988	58955	15374	32789
hsa-miR-4760-3p	1	0	0	2	4	2
hsa-miR-6087	71	36	59	49	26	64
hsa-let-7f-5p	124096	50978	100600	193877	103917	46708
hsa-miR-5583-5p	0	2	0	0	0	0
hsa-miR-548m	12	4	6	0	6	6
hsa-miR-367-3p	0	0	1	0	1	1
hsa-miR-4302	0	0	1	0	6	1
hsa-miR-4781-5p	0	0	1	5	2	0
hsa-miR-4434	1	2	5	4	4	4
hsa-miR-4668-5p	1	10	3	2	1	2
hsa-miR-760	25	40	20	176	6	32
hsa-miR-1914-3p	0	2	4	0	2	4
hsa-miR-5091	3	9	6	7	4	4
hsa-miR-664b-3p	98	81	39	45	44	70
hsa-miR-4268	2	7	2	2	3	13
hsa-miR-576-5p	205	191	168	121	184	129
hsa-miR-4746-3p	4	0	0	0	0	3
hsa-miR-125b-5p	202110	59118	85197	34774	121910	31383
hsa-miR-511-3p	277	58	275	128	399	227
hsa-miR-4768-5p	1	4	4	8	1	4
hsa-miR-3972	0	1	1	2	0	3
hsa-miR-323b-5p	0	0	2	0	2	1
hsa-miR-6816-3p	2	9	1	7	0	9
hsa-miR-5090	1	2	1	2	0	2
hsa-miR-3185	6	0	5	0	0	4
hsa-miR-3622a-3p	0	2	1	0	0	2
hsa-miR-6769b-3p	3	1	2	2	2	3
hsa-miR-4719	12	47	8	5	9	2
hsa-miR-4704-5p	0	0	0	1	0	3
hsa-miR-130b-5p	197	429	249	321	208	84
hsa-miR-4451	1	6	3	3	2	2
hsa-miR-6839-3p	5	3	3	2	3	6
hsa-miR-4457	0	4	0	1	0	2
hsa-miR-6078	13	12	7	12	10	12
hsa-miR-1910-5p	2	3	2	5	0	9
hsa-miR-6723-5p	64	52	136	23	68	44
hsa-miR-4720-3p	0	2	1	0	0	0
hsa-miR-6770-5p	2	5	6	6	2	0
hsa-miR-6514-3p	0	4	7	0	4	3
hsa-miR-591	0	1	3	6	9	1
hsa-miR-95-5p	97	113	59	323	39	150
hsa-miR-4482-3p	0	2	6	2	3	1
hsa-miR-6764-5p	0	6	5	11	2	10
hsa-miR-29a-5p	62	39	40	53	23	135
hsa-miR-1233-5p	0	7	1	1	7	14
hsa-miR-3925-3p	4	10	4	14	8	28
hsa-miR-6511b-3p	29	27	5	31	6	12
hsa-miR-4266	0	1	0	1	0	0
hsa-miR-8083	3	3	0	3	0	13
hsa-miR-6786-5p	4	0	0	1	3	0
hsa-miR-7111-5p	3	0	0	0	2	2
hsa-miR-4657	0	0	4	2	0	4
hsa-miR-1262	8	9	7	16	10	110
hsa-miR-206	26	3	2	78	2	24
hsa-miR-6879-3p	3	2	2	0	1	2
hsa-miR-3122	2	1	1	0	3	11
hsa-miR-5587-3p	7	3	3	3	8	17
hsa-miR-4433b-3p	2	0	3	2	9	4
hsa-miR-503-5p	1602	497	644	1404	994	528
hsa-miR-383-5p	69	7	46	15	34	12
hsa-miR-589-3p	12	32	12	13	8	31
hsa-miR-3141	87	9	6	14	14	19
hsa-miR-4524b-3p	12	22	6	6	15	11
hsa-miR-6758-3p	4	2	0	8	1	14
hsa-miR-139-3p	370	97	352	90	406	45
hsa-miR-199a-3p	341886	34309	60589	54029	137136	34025
hsa-miR-19b-1-5p	25	35	18	22	12	33
hsa-miR-181b-2-3p	45	29	22	143	26	6
hsa-miR-93-3p	155	197	119	429	96	201
hsa-miR-642b-5p	5	0	2	7	5	26
hsa-miR-877-3p	15	13	3	30	3	14
hsa-miR-6767-3p	0	0	2	0	0	2
hsa-miR-7106-5p	2	0	0	5	0	0
hsa-miR-4475	0	1	0	1	0	0
hsa-miR-662	1	2	1	7	3	1
hsa-miR-6892-5p	0	0	6	0	0	3
hsa-miR-4780	4	3	1	6	3	1
hsa-miR-106b-5p	3476	6934	2446	11127	2308	7465
hsa-miR-548ai	4	8	1	9	5	5
hsa-miR-4459	51	71	84	209	83	149
hsa-miR-30c-5p	54876	63475	48104	57208	46421	9766
hsa-miR-1296-3p	8	2	8	5	5	4
hsa-miR-4747-3p	0	0	0	1	0	1
hsa-miR-4790-5p	0	2	2	2	1	8
hsa-miR-516a-3p	0	0	0	2	1	0
hsa-miR-378i	2937	3146	6655	1457	6575	5351
hsa-miR-7703	2	6	4	5	0	2
hsa-miR-4430	13	15	24	40	22	27
hsa-miR-525-3p	0	0	0	1	0	0
hsa-miR-328-5p	8	1	4	2	7	3
hsa-miR-7113-5p	4	0	1	4	0	3
hsa-miR-628-3p	30	47	27	153	26	7
hsa-miR-92b-5p	44	20	19	231	34	523
hsa-miR-5690	12	20	15	10	21	15
hsa-miR-6766-5p	0	11	4	0	2	1
hsa-miR-5196-5p	4	2	1	2	2	6
hsa-miR-4311	0	2	0	7	2	5
hsa-miR-568	0	2	1	0	2	0
hsa-miR-126-3p	206529	168974	178940	121358	219676	55414
hsa-miR-664b-5p	0	12	16	15	6	22
hsa-miR-6780a-3p	1	6	3	0	4	1
hsa-miR-526a	4	14	7	9	0	3
hsa-miR-548at-5p	0	0	5	0	0	5
hsa-miR-6873-3p	5	8	8	12	18	1
hsa-miR-4763-5p	10	6	6	12	5	18
hsa-miR-1290	23	36	49	132	30	4754
hsa-miR-5590-5p	10	20	11	8	18	5
hsa-miR-6747-5p	0	2	10	3	2	2
hsa-miR-1248	250	139	156	133	211	131
hsa-miR-1202	2	2	1	2	0	2
hsa-miR-202-3p	0	4	0	2	1	2
hsa-miR-4485-5p	6	5	4	2	0	9
hsa-miR-5093	0	0	0	1	1	6
hsa-miR-1303	550	1718	899	811	574	1968
hsa-miR-1343-3p	12	21	25	106	16	42
hsa-miR-1306-3p	10	24	16	28	7	31
hsa-miR-4433a-5p	8	1	5	4	2	1
hsa-miR-6501-5p	18	56	45	54	36	24
hsa-miR-4265	0	2	5	5	0	9
hsa-miR-7705	21	34	12	25	16	40
hsa-miR-3165	2	7	1	5	0	6
hsa-miR-136-3p	3477	776	1318	2107	2841	561
hsa-miR-3681-5p	7	8	5	211	0	6
hsa-miR-33a-5p	292	667	137	243	170	958
hsa-miR-3173-5p	29	45	10	41	22	29
hsa-miR-4639-5p	2	8	1	9	0	1
hsa-miR-5010-5p	4	5	4	4	2	10
hsa-miR-6512-5p	0	0	2	9	3	6
hsa-miR-3977	0	0	0	0	0	0
hsa-miR-133a-3p	539	64	54	178	277	176
hsa-miR-1539	0	0	0	1	0	0
hsa-miR-376a-5p	18	12	14	21	25	17
hsa-miR-1825	0	1	1	0	0	6
hsa-miR-210-5p	19	42	26	85	14	59
hsa-miR-4769-3p	0	3	1	6	1	1
hsa-miR-147b	25	78	28	288	29	1492
hsa-miR-561-3p	10	7	2	11	0	13
hsa-miR-6071	1	3	0	4	1	1
hsa-miR-769-5p	3730	2273	1739	7571	2097	6657
hsa-miR-1-5p	4	0	0	2	1	0
hsa-miR-31-3p	6	4	0	4	1	6
hsa-miR-6773-5p	0	0	1	0	0	0
hsa-miR-558	2	6	3	7	1	4
hsa-miR-219b-5p	6	9	4	11	15	10
hsa-miR-4676-3p	6	2	2	5	5	10
hsa-miR-6856-5p	0	5	6	8	1	5
hsa-miR-152-5p	113	212	92	230	66	171
hsa-miR-3689f	1	1	0	0	2	3
hsa-miR-3129-3p	24	11	21	22	16	7
hsa-miR-548ba	2	0	4	8	10	16
hsa-miR-3689a-3p	0	0	0	0	1	0
hsa-miR-4800-3p	56	18	42	46	27	58
hsa-miR-7975	0	1	0	4	0	1
hsa-miR-4444	8	14	4	11	2	6
hsa-miR-181a-5p	10966	7189	6566	31907	10103	16196
hsa-miR-655-5p	0	2	5	2	1	0
hsa-miR-6802-3p	0	2	2	4	5	5
hsa-miR-4502	1	6	7	9	2	371
hsa-miR-548an	0	4	3	16	0	11
hsa-miR-627-5p	8	14	9	38	5	61
hsa-miR-6073	0	4	8	1	7	2
hsa-miR-8056	2	5	3	1	0	0
hsa-miR-7160-5p	1	0	0	5	0	0
hsa-miR-5189-3p	1	6	6	3	2	2
hsa-miR-17-5p	17285	31049	12899	32617	15270	15115
hsa-miR-7156-5p	10	0	2	18	7	4
hsa-miR-6819-3p	0	0	2	4	0	3
hsa-miR-128-1-5p	37	43	22	91	18	42
hsa-miR-4758-3p	0	8	0	19	3	7
hsa-miR-4289	0	8	2	0	4	2
hsa-miR-450b-3p	0	2	0	2	0	0
hsa-miR-6761-5p	25	41	5	21	15	10
hsa-miR-4681	1	0	5	9	0	5
hsa-miR-1279	2	1	4	2	1	0
hsa-miR-455-3p	4873	2688	4157	1142	4236	1072
hsa-miR-7112-3p	0	3	0	1	0	2
hsa-miR-8071	1	8	2	0	0	2
hsa-miR-5001-3p	31	47	15	89	14	25
hsa-miR-1273g-3p	91	127	163	189	114	225
hsa-miR-6752-5p	0	1	1	4	2	10
hsa-miR-6735-3p	8	5	9	8	3	8
hsa-miR-508-3p	8	8	5	2	2	0
hsa-miR-1291	225	441	244	176	242	375
hsa-miR-374c-3p	2433	3347	1258	2991	2048	648
hsa-miR-4791	151	188	145	161	131	192
hsa-miR-4803	4	0	2	2	0	4
hsa-miR-7977	395	237	360	429	537	286
hsa-miR-431-3p	19	12	10	84	15	12
hsa-miR-27b-3p	402770	331343	270951	398283	273515	104164
hsa-miR-1254	22	61	35	80	35	116
hsa-miR-4771	5	10	1	5	3	7
hsa-miR-4787-5p	31	48	24	40	23	83
hsa-miR-877-5p	67	115	51	336	26	105
hsa-miR-3610	2	2	4	14	2	25
hsa-miR-634	3	0	1	3	3	0
hsa-miR-4757-3p	2	0	0	5	4	5
hsa-miR-563	2	11	3	2	3	1
hsa-miR-6511a-3p	13	29	14	24	10	12
hsa-miR-382-3p	226	57	94	337	174	34
hsa-miR-200a-5p	285	80	61	398	139	19
hsa-miR-4662a-3p	2	1	1	2	2	3
hsa-miR-1249-5p	0	3	3	3	2	3
hsa-miR-215-5p	10515	19312	16613	778	12440	11300
hsa-miR-4799-5p	1	2	7	7	2	1
hsa-miR-5092	0	0	2	4	0	7
hsa-miR-33b-3p	50	40	40	38	49	69
hsa-miR-16-1-3p	190	299	187	427	220	208
hsa-miR-4778-3p	0	4	0	0	4	9
hsa-miR-4456	40	20	10	76	10	9
hsa-miR-519d-3p	4	44	0	2	0	4
hsa-miR-6791-3p	0	6	4	8	1	3
hsa-miR-191-5p	41381	81428	39373	42058	36740	33581
hsa-miR-3680-3p	0	2	6	0	1	3
hsa-miR-4649-5p	13	4	3	3	0	8
hsa-miR-520c-5p	1	4	0	0	1	2
hsa-miR-7704	147	112	220	94	101	66
hsa-miR-146b-5p	45850	49232	47269	31427	48908	39107
hsa-miR-203a-3p	1124	875	1371	126	1137	325
hsa-miR-4707-5p	12	11	7	5	3	27
hsa-miR-105-3p	0	0	0	2	0	0
hsa-miR-6737-3p	1	0	0	1	0	0
hsa-miR-630	0	2	5	2	0	1
hsa-miR-103a-2-5p	11	17	11	11	8	16
hsa-miR-194-3p	973	1125	1344	64	930	271
hsa-miR-3939	0	28	2	5	2	2
hsa-miR-125b-2-3p	4588	2311	3506	1438	3817	304
hsa-miR-6740-5p	1	2	4	1	0	9
hsa-miR-888-3p	0	0	0	1	0	0
hsa-miR-548av-3p	4	4	4	9	3	2
hsa-miR-6733-3p	6	2	3	7	1	0
hsa-miR-548j-3p	6	10	9	15	4	18
hsa-miR-6771-3p	0	1	4	0	1	4
hsa-miR-561-5p	10	1	6	7	2	52
hsa-miR-4253	0	8	15	3	0	3
hsa-miR-922	0	0	2	0	1	2
hsa-miR-1972	35	67	47	106	46	360
hsa-miR-588	2	2	2	4	0	0
hsa-miR-7160-3p	1	0	2	4	0	4
hsa-miR-6792-3p	2	1	0	6	0	3
hsa-miR-4531	26	34	54	71	32	72
hsa-miR-374b-5p	2495	3310	1244	3057	2026	670
hsa-miR-1245b-5p	3	2	1	3	1	0
hsa-miR-570-5p	3	5	1	6	8	9
hsa-miR-500b-3p	24	31	18	41	7	24
hsa-miR-4513	0	3	5	5	0	18
hsa-miR-3118	2	3	3	7	0	1
hsa-miR-186-3p	6	3	5	16	11	19
hsa-miR-1225-3p	2	6	0	1	2	2
hsa-miR-6825-3p	3	0	2	3	0	0
hsa-miR-3620-3p	2	2	1	4	0	2
hsa-miR-4674	2	4	5	14	2	12
hsa-miR-3691-5p	2	14	2	12	0	37
hsa-miR-6727-3p	4	1	0	0	1	1
hsa-miR-1295b-3p	23	72	59	19	51	35
hsa-miR-4422	0	2	4	6	0	9
hsa-miR-548w	30	38	14	13	14	5
hsa-miR-29b-1-5p	19	19	13	34	15	32
hsa-miR-548au-3p	2	0	1	0	0	0
hsa-miR-138-5p	123	6	24	756	93	35
hsa-miR-3682-3p	0	0	2	9	9	7
hsa-miR-30b-3p	305	197	370	423	311	282
hsa-miR-154-3p	37	4	21	51	18	3
hsa-miR-6789-3p	46	15	9	6	11	12
hsa-miR-519a-3p	1	20	2	2	3	1
hsa-miR-2114-5p	4	6	1	6	0	0
hsa-miR-4744	2	0	1	0	0	0
hsa-miR-6818-5p	2	3	3	5	5	1
hsa-miR-5008-3p	2	4	4	5	5	5
hsa-miR-500a-3p	1692	2936	1054	3664	1343	2324
hsa-miR-4295	0	4	1	3	0	4
hsa-miR-4728-3p	8	9	6	15	3	4
hsa-miR-4782-3p	0	5	5	3	2	9
hsa-miR-4419b	3	13	13	36	11	30
hsa-miR-891a-5p	5	4	0	0	5	1
hsa-miR-6069	3	0	3	0	1	3
hsa-miR-3154	2	2	4	0	0	3
hsa-miR-6129	1	5	8	8	7	6
hsa-miR-4514	2	0	2	3	5	8
hsa-miR-1909-5p	2	4	1	6	0	1
hsa-miR-4436b-5p	4	3	4	6	5	7
hsa-miR-190a-5p	146	203	48	404	60	45
hsa-miR-493-5p	788	235	264	1604	447	123
hsa-miR-6755-3p	0	0	4	2	0	0
hsa-miR-224-5p	5601	17097	2263	284262	2395	6032
hsa-miR-1914-5p	9	9	2	38	3	8
hsa-miR-512-5p	1	16	3	4	0	7
hsa-miR-1269b	15	6559	11	18	4	4
hsa-miR-4282	0	2	1	0	0	0
hsa-miR-6769b-5p	0	0	6	2	0	8
hsa-miR-3202	3	2	6	5	3	2
hsa-miR-3136-3p	0	2	0	1	0	1
hsa-miR-2682-3p	2	16	17	65	23	9
hsa-miR-6886-3p	0	8	0	0	1	4
hsa-miR-6824-3p	0	1	4	0	0	1
hsa-miR-4712-5p	4	2	4	8	0	3
hsa-miR-1471	2	0	1	2	2	1
hsa-miR-6864-5p	0	1	4	0	0	3
hsa-miR-508-5p	0	1	0	0	2	7
hsa-miR-103a-3p	33430	56106	23173	51518	28391	22533
hsa-miR-6849-5p	5	0	0	2	1	2
hsa-miR-369-3p	994	389	591	1402	970	121
hsa-miR-1470	0	0	2	3	1	7
hsa-miR-6887-5p	0	6	1	2	1	0
hsa-let-7a-3p	2934	1969	2074	3709	2585	371
hsa-miR-1277-3p	64	70	69	165	70	92
hsa-miR-338-3p	98	167	99	61	122	68
hsa-miR-6504-3p	1	1	3	4	2	7
hsa-miR-6836-3p	97	9	7	1	9	18
hsa-miR-4695-3p	59	70	67	106	90	129
hsa-miR-7158-3p	0	0	2	1	2	2
hsa-miR-6864-3p	5	0	1	2	5	0
hsa-miR-490-3p	585	28	103	49	232	3
hsa-miR-4518	17	29	3	10	13	25
hsa-miR-7162-5p	0	5	0	0	2	0
hsa-miR-192-5p	582242	985337	946709	44902	738925	504030
hsa-miR-4640-3p	0	2	0	13	0	0
hsa-miR-196b-3p	0	5	2	32	1	2
hsa-miR-3606-3p	4	0	3	5	6	2
hsa-miR-1285-5p	162	220	257	568	258	435
hsa-miR-5572	0	5	1	2	3	3
hsa-miR-767-3p	0	4	2	6	0	0
hsa-miR-6866-5p	14	6	6	22	20	20
hsa-miR-1231	0	0	2	6	6	3
hsa-miR-4798-3p	1	2	0	0	0	0
hsa-miR-6780a-5p	0	6	7	0	2	4
hsa-miR-223-5p	183	30	152	422	202	34
hsa-miR-4419a	50	58	119	146	67	129
hsa-miR-92b-3p	1141	505	269	4617	575	4586
hsa-miR-2276-3p	6	17	2	10	2	22
hsa-miR-4262	1	2	2	6	6	1
hsa-miR-548ak	14	10	13	9	21	6
hsa-miR-4799-3p	0	1	2	0	2	2
hsa-miR-6750-3p	1	2	2	0	0	2
hsa-miR-526b-5p	0	179	2	1	0	0
hsa-miR-5187-5p	2	5	10	6	1	12
hsa-miR-3140-3p	13	15	10	10	10	8
hsa-miR-548g-3p	1	1	0	2	0	1
hsa-miR-4656	6	3	12	3	6	5
hsa-miR-595	3	1	1	0	0	2
hsa-miR-3605-5p	14	6	12	8	3	22
hsa-miR-450b-5p	2383	593	1072	750	2207	179
hsa-miR-3925-5p	2	6	3	6	2	6
hsa-miR-711	2	4	2	2	4	2
hsa-miR-4326	124	247	81	1159	86	178
hsa-miR-7976	54	69	40	93	68	174
hsa-miR-3936	4	3	0	2	0	1
hsa-miR-1827	13	5	20	30	19	11
hsa-miR-4317	3	4	2	9	3	1
hsa-miR-4428	1	1	0	2	7	7
hsa-miR-4690-5p	2	2	1	9	7	4
hsa-miR-6845-5p	6	3	1	2	2	2
hsa-miR-100-3p	2	0	6	6	0	0
hsa-miR-4749-5p	7	11	1	15	0	7
hsa-miR-3616-3p	0	0	0	0	0	0
hsa-miR-6762-3p	2	2	2	7	0	8
hsa-miR-5094	0	4	2	7	4	6
hsa-miR-9-3p	30	475	16	51	53	701
hsa-miR-142-5p	30284	4091	14057	27381	28915	4787
hsa-miR-548p	58	87	70	97	74	10
hsa-miR-626	0	3	0	12	4	5
hsa-miR-3911	4	6	7	10	9	13
hsa-miR-1911-3p	1	0	0	4	1	3
hsa-miR-132-3p	746	250	173	947	443	960
hsa-miR-106b-3p	6208	8924	4892	18499	4312	15151
hsa-miR-5571-5p	5	6	2	3	7	4
hsa-miR-3662	3	14	6	1	7	33
hsa-miR-3912-3p	31	35	21	24	8	16
hsa-miR-4652-5p	0	17	0	1	4	3
hsa-miR-549a	1	2	3	21	1	20
hsa-miR-1252-3p	0	4	1	4	5	1
hsa-miR-4770	174	28	43	55	46	83
hsa-miR-488-3p	14	14	5	0	13	6
hsa-miR-6785-3p	3	2	0	2	1	0
hsa-miR-4764-3p	0	4	1	2	0	2
hsa-miR-92a-2-5p	1	2	2	16	4	6
hsa-miR-3181	0	1	1	3	2	6
hsa-miR-3692-3p	5	2	3	9	1	5
hsa-miR-5010-3p	105	129	36	127	55	97
hsa-miR-144-5p	1731	493	793	649	593	503
hsa-miR-3922-3p	5	0	2	39	4	48
hsa-miR-29c-3p	1975	867	1208	627	1608	645
hsa-miR-551b-3p	15	30	8	87	7	75
hsa-miR-601	3	0	4	1	3	1
hsa-miR-299-3p	140	36	68	258	127	50
hsa-miR-548q	38	50	17	26	25	33
hsa-miR-6788-3p	2	7	0	39	2	9
hsa-miR-3672	0	1	8	0	1	1
hsa-miR-526b-3p	1	1	0	2	0	2
hsa-miR-409-5p	466	180	286	1221	512	147
hsa-miR-6729-5p	6	4	4	1	9	13
hsa-miR-6825-5p	2	1	0	4	0	9
hsa-miR-4739	33	9	10	24	15	20
hsa-miR-3160-3p	35	12	27	51	25	44
hsa-miR-5006-3p	3	21	8	9	4	9
hsa-miR-18a-3p	80	145	50	240	32	85
hsa-miR-222-3p	4230	7032	1865	34586	2457	6407
hsa-miR-6080	1	1	4	0	2	1
hsa-miR-548x-5p	23	29	56	12	24	11
hsa-miR-551b-5p	7	0	12	59	5	10
hsa-miR-6716-5p	1	3	0	0	0	12
hsa-miR-182-3p	4	69	6	81	2	26
hsa-miR-4735-5p	2	4	3	4	3	0
hsa-miR-6748-5p	2	3	1	0	0	2
hsa-miR-27a-3p	65518	35662	33529	117486	41284	34374
hsa-miR-208a-5p	0	1	0	1	0	0
hsa-miR-6833-5p	0	0	2	1	0	3
hsa-miR-6754-5p	2	1	0	5	4	10
hsa-miR-521	1	3	2	1	0	0
hsa-miR-4640-5p	7	5	8	5	4	3
hsa-miR-4642	5	5	5	20	13	10
hsa-miR-1251-5p	0	4	0	12	0	2
hsa-miR-487b-5p	6	0	8	22	2	7
hsa-miR-342-5p	171	88	114	235	177	147
hsa-miR-181d-5p	238	105	61	2180	107	428
hsa-miR-653-3p	36	21	17	370	21	60
hsa-miR-764	0	3	5	3	1	0
hsa-miR-4797-3p	2	1	7	8	0	2
hsa-miR-6720-3p	1	7	0	4	1	4
hsa-miR-3666	0	0	0	0	3	2
hsa-miR-191-3p	25	38	29	36	18	32
hsa-miR-376b-5p	19	7	7	18	19	4
hsa-miR-7150	12	24	14	6	2	16
hsa-miR-425-3p	859	1345	785	1146	684	702
hsa-miR-129-5p	21	4	4	13	45	13
hsa-miR-4715-3p	7	9	11	7	5	4
hsa-miR-4527	4	4	5	33	5	4
hsa-miR-1292-5p	8	31	19	55	14	66
hsa-miR-6854-5p	7	3	6	21	0	15
hsa-miR-1278	36	98	28	76	26	140
hsa-miR-20b-3p	4	0	0	324	4	0
hsa-miR-664a-5p	109	119	139	200	97	186
hsa-miR-942-3p	5	10	5	22	5	36
hsa-miR-203a-5p	8	4	2	7	2	2
hsa-miR-7158-5p	3	5	0	8	4	8
hsa-miR-1469	16	8	8	1	4	60
hsa-miR-3927-5p	2	5	1	0	0	0
hsa-miR-7151-5p	0	1	0	4	0	0
hsa-miR-567	3	1	5	5	8	2
hsa-miR-4466	60	25	51	13	20	11
hsa-miR-3147	0	12	0	3	0	19
hsa-miR-5691	8	4	0	1	8	9
hsa-miR-4785	20	11	21	23	12	31
hsa-miR-1226-3p	8	22	2	21	1	8
hsa-miR-4516	52	23	20	27	23	31
hsa-miR-4464	0	1	2	0	0	0
hsa-miR-4714-3p	0	1	1	0	2	2
hsa-miR-7157-3p	0	0	1	0	0	3
hsa-miR-1271-5p	427	164	205	449	259	130
hsa-miR-4708-3p	0	0	1	2	0	1
hsa-miR-1228-3p	8	23	25	7	10	11
hsa-miR-2278	4	9	1	23	8	19
hsa-miR-3679-3p	0	1	0	0	0	0
hsa-miR-887-3p	65	99	18	187	10	63
hsa-miR-517-5p	0	2	0	6	3	1
hsa-miR-302b-3p	4	4	52	96	6	0
hsa-miR-4742-5p	8	1	7	11	6	6
hsa-miR-10a-3p	1317	183	289	267	551	219
hsa-miR-676-3p	35	16	18	224	28	25
hsa-miR-133a-5p	42	17	3	32	30	36
hsa-miR-6070	5	5	2	9	5	3
hsa-miR-378h	55	58	101	51	102	169
hsa-miR-216b-3p	19	231	16	13	22	16
hsa-miR-181c-3p	151	47	65	1284	83	179
hsa-miR-6793-3p	0	2	0	3	0	2
hsa-miR-892b	1	3	0	0	5	2
hsa-miR-1273d	26	52	44	138	48	69
hsa-miR-378c	4355	3747	8138	2547	8962	12731
hsa-miR-581	4	8	7	8	0	5
hsa-miR-450a-1-3p	41	16	29	20	46	12
hsa-miR-7159-3p	0	0	0	0	0	0
hsa-miR-6732-5p	2	2	0	1	3	1
hsa-miR-887-5p	20	16	8	45	3	6
hsa-miR-551a	12	1	1	103	4	1
hsa-miR-4643	6	0	2	2	4	2
hsa-miR-134-5p	1288	273	422	2653	1075	1532
hsa-miR-218-2-3p	0	4	3	6	2	4
hsa-miR-3683	0	0	1	0	0	1
hsa-miR-1288-5p	24	9	20	3	9	4
hsa-miR-5009-3p	0	3	2	6	0	3
hsa-miR-6858-5p	2	0	7	4	1	5
hsa-miR-6081	1	1	0	4	0	1
hsa-miR-450a-5p	7905	1943	4483	3185	7576	979
hsa-miR-3164	8	17	6	2	5	4
hsa-miR-423-3p	10122	11518	7841	24911	7354	16303
hsa-miR-1298-5p	12	10	4	2	1	1
hsa-miR-5581-5p	1	1	0	0	0	2
hsa-miR-6765-3p	26	29	38	25	103	24
hsa-miR-1282	3	6	2	8	5	4
hsa-miR-142-3p	13212	2474	7163	21557	13096	9205
hsa-miR-1268b	15	23	50	62	22	178
hsa-miR-214-3p	5728	645	767	1066	1844	1133
hsa-miR-5003-5p	0	10	3	2	0	0
hsa-miR-6802-5p	2	0	0	5	0	0
hsa-miR-4753-3p	5	9	0	7	4	11
hsa-miR-221-5p	712	1092	412	5803	544	721
hsa-miR-514a-3p	33	86	16	63	19	2
hsa-miR-650	2	5	2	9	1	3
hsa-miR-4779	0	0	0	2	0	4
hsa-miR-503-3p	20	2	6	8	6	0
hsa-miR-6715a-3p	5	49	13	1	5	18
hsa-miR-4659a-5p	1	3	4	6	1	7
hsa-miR-6783-3p	1	1	2	11	0	2
hsa-miR-6852-3p	0	6	0	8	0	9
hsa-miR-3943	3	0	1	5	2	3
hsa-miR-5692b	0	2	0	2	1	0
hsa-miR-187-3p	181	9	54	121	70	64
hsa-miR-6772-5p	2	8	5	8	6	13
hsa-miR-2110	141	203	111	191	125	333
hsa-miR-6874-3p	0	0	2	4	0	5
hsa-miR-532-3p	569	890	327	937	396	763
hsa-miR-6820-5p	10	7	4	14	1	16
hsa-let-7c-3p	113	65	94	37	128	4
hsa-miR-613	2	2	0	0	0	4
hsa-miR-15a-3p	12	10	12	8	14	4
hsa-miR-4449	14	7	11	4	12	15
hsa-miR-6804-3p	1	0	2	3	0	0
hsa-miR-6795-5p	2	2	0	6	2	3
hsa-miR-629-5p	888	797	633	3886	707	7885
hsa-miR-5683	1	0	2	5	4	1
hsa-miR-183-3p	6	60	5	46	2	9
hsa-miR-6730-5p	16	21	6	5	8	9
hsa-miR-27a-5p	295	143	134	2431	575	1428
hsa-miR-1266-5p	14	32	8	37	4	65
hsa-miR-8084	2	3	2	2	4	2
hsa-miR-6826-3p	1	0	0	2	1	0
hsa-miR-3120-3p	1037	112	219	308	477	256
hsa-miR-96-3p	0	9	1	12	0	1
hsa-miR-6764-3p	2	1	1	2	0	1
hsa-miR-6745	2	1	2	1	2	7
hsa-miR-4277	2	5	2	2	1	2
hsa-miR-4283	0	2	0	7	0	1
hsa-miR-483-5p	428	6	524	12	303	8
hsa-miR-5096	340	329	401	1013	281	598
hsa-miR-619-5p	101	133	131	261	142	205
hsa-miR-766-3p	67	154	38	192	53	124
hsa-miR-4323	2	7	4	20	1	15
hsa-miR-3945	0	0	0	2	2	0
hsa-miR-6872-3p	32	18	22	34	25	24
hsa-miR-5089-3p	0	2	2	2	5	4
hsa-miR-4795-3p	0	2	1	9	4	0
hsa-miR-4300	3	2	8	0	4	0
hsa-miR-4439	0	0	0	2	0	0
hsa-miR-514b-5p	1	2	0	0	0	1
hsa-miR-466	1	3	0	0	4	2
hsa-miR-6788-5p	2	0	4	3	1	8
hsa-miR-541-5p	3	3	9	10	0	7
hsa-miR-6882-5p	16	6	14	13	12	8
hsa-miR-3619-3p	0	3	0	5	0	5
hsa-miR-193b-3p	1721	4464	2187	4350	1443	6770
hsa-miR-1915-5p	4	4	3	6	2	0
hsa-miR-6801-5p	3	5	5	5	4	0
hsa-miR-196a-5p	4	12	1	41	23	4
hsa-miR-1915-3p	3	4	3	12	0	3
hsa-miR-215-3p	6	16	2	11	3	11
hsa-miR-185-5p	10193	17771	11453	17286	9210	21910
hsa-miR-617	0	0	0	2	2	1
hsa-miR-6790-3p	0	1	7	2	8	2
hsa-miR-4709-5p	19	15	13	26	12	15
hsa-miR-6086	0	1	0	2	1	1
hsa-miR-6877-3p	2	0	6	9	2	7
hsa-miR-936	0	2	0	2	1	10
hsa-miR-3916	17	19	23	20	17	32
hsa-miR-3605-3p	49	68	57	72	45	64
hsa-miR-1178-5p	0	2	1	3	0	1
hsa-miR-4438	5	3	20	4	5	7
hsa-miR-1284	0	9	0	17	4	0
hsa-miR-4278	116	121	106	19	116	10
hsa-miR-20b-5p	550	313	305	31545	382	269
hsa-miR-3652	6	2	10	7	3	3
hsa-miR-8069	0	2	3	0	0	0
hsa-miR-1273e	172	187	152	359	149	298
hsa-miR-3688-3p	1	10	2	14	2	17
hsa-miR-511-5p	408	79	596	352	648	228
hsa-miR-4645-3p	55	32	24	90	27	40
hsa-miR-1537-5p	4	8	5	8	0	4
hsa-miR-4324	467	156	254	32	320	34
hsa-miR-127-5p	315	99	109	526	205	154
